1.733063593e-04 -1.798194264e-05 1.375231322e-06 2.872762748e-05 6.467716176e-05 1.167637865e-05 7.308823065e-05 3.290049567e-05 8.155847411e-05 8.369309488e-05 
-1.798194264e-05 1.102895672e-03 -1.025508880e-05 -2.465751896e-05 -2.059072849e-05 -1.222952791e-05 -1.692470042e-05 -2.386705806e-05 -1.661805421e-05 -1.975626732e-05 
1.375231322e-06 -1.025508880e-05 1.140966463e-04 -6.986290540e-06 -2.962676172e-06 3.155685049e-05 1.063105556e-06 -5.965991077e-06 6.451779987e-06 -1.762486726e-06 
2.872762748e-05 -2.465751896e-05 -6.986290540e-06 2.194443918e-04 6.452869114e-05 -2.542388778e-06 1.836665940e-05 1.517140445e-04 1.368882370e-05 5.025750068e-05 
6.467716176e-05 -2.059072849e-05 -2.962676172e-06 6.452869114e-05 1.922397169e-04 3.352864125e-06 4.680228527e-05 7.480859277e-05 3.657831824e-05 1.263704318e-04 
1.167637865e-05 -1.222952791e-05 3.155685049e-05 -2.542388778e-06 3.352864125e-06 1.303431605e-04 1.504336339e-05 -9.561259714e-07 2.294792579e-05 5.407583987e-06 
7.308823065e-05 -1.692470042e-05 1.063105556e-06 1.836665940e-05 4.680228527e-05 1.504336339e-05 1.647949939e-04 2.390547743e-05 6.655830293e-05 5.584852540e-05 
3.290049567e-05 -2.386705806e-05 -5.965991077e-06 1.517140445e-04 7.480859277e-05 -9.561259714e-07 2.390547743e-05 2.143239091e-04 1.486750979e-05 5.784147608e-05 
8.155847411e-05 -1.661805421e-05 6.451779987e-06 1.368882370e-05 3.657831824e-05 2.294792579e-05 6.655830293e-05 1.486750979e-05 1.620914318e-04 4.762991412e-05 
8.369309488e-05 -1.975626732e-05 -1.762486726e-06 5.025750068e-05 1.263704318e-04 5.407583987e-06 5.584852540e-05 5.784147608e-05 4.762991412e-05 1.860285325e-04 
