0.00844643 13.731322651203435 0 92.07697890824936 -59.07602307336813 13.577245457326901
0.025726491 16.140501180156846 0 92.39672995971372 -59.4814423139437 16.023886305675983
0.03178941 16.35849389678248 0 100.3120433621135 -60.6846496216609 16.493087570097256
0.036893823 16.60466062265834 0 94.87276916291692 -60.534888267809976 16.824536243333558
0.037417148 16.79788638301006 0 94.79576383657869 -61.479107494724474 16.85594762516556
0.037535834 16.75230715955967 0 95.10926613779213 -62.07376763610905 16.863011869262177
0.038858019 16.926880854744674 0 102.43833065764116 -58.811030063086186 16.94026919825067
0.03966503 16.995532693858358 0 98.02112052429302 -60.7850090897905 16.98617510253644
0.042925449 17.156607179719384 0 100.03221169206131 -59.80897863419486 17.162827090059064
0.044349420999999986 17.414569540396396 0 100.5990225277443 -61.27814430817986 17.235919664581854
0.044554241 17.158803119153614 0 91.10228723721863 -61.64144553151289 17.246245090231607
0.044582779 17.289453639323526 0 97.62234974122144 -62.22780285036261 17.247680093743508
0.045667373 17.2223049240867 0 92.97835937185819 -59.33851220042125 17.30156713594071
0.045742937 17.1310476491226 0 92.20025883640378 -59.94221691324512 17.305275038449153
0.046727171 17.204706506774656 0 93.96345691632187 -61.17018139836305 17.353035717093142
