0.05007471 17.604455194902226 0 90.12208430484414 -60.807599043047155 17.508479582521044
0.050363478 17.448813923277047 0 91.68624463481312 -60.84888865223518 17.52141323723807
0.052222113 17.394024709993413 0 94.56972054409071 -61.62263677445966 17.602981372513266
0.052789124000000014 17.584802304556106 0 91.06969528592512 -60.17836501674455 17.62730681908563
0.053358841 17.654588703949567 0 92.69739609977421 -60.49739395288926 17.651495302397826
0.055720127 17.711526766580832 0 100.16811916361412 -60.828122367507646 17.749158504290367
0.055784372 17.754379734487927 0 99.76812809758978 -60.16954693220434 17.75175947357314
0.057310556 17.671507580898474 0 96.14671120861942 -57.701299264342964 17.812712191438347
0.058358352 17.832140179946308 0 89.95631871774398 -61.43500111337289 17.853659303339022
0.058868045999999986 17.897501978270096 0 101.4900052104623 -60.312889321191435 17.873322229900587
0.05951902 18.04453158572512 0 92.63503001551615 -58.556838111278495 17.89819824901232
0.059591312 17.952432351040162 0 96.78734487559748 -59.335239359826325 17.90094459412543
0.060010366 18.0449788614615 0 99.32916833850729 -59.585110481587016 17.916801354981924
0.062191341 18.01491119822395 0 101.76570666757179 -59.302252849037856 17.99764481770897
0.064522719 18.090070250566033 0 97.00740238834548 -60.21199413116018 18.081101442347926
0.064731223 18.10009242619875 0 95.76745349957865 -60.26637453765972 18.088423477458704
0.064912923 18.03309349832159 0 99.0583115100618 -63.12767252257589 18.094785781963925
0.065806277 18.27823899302291 0 98.08583147782177 -62.08855503481582 18.125820229198226
0.066324742 18.164413556217013 0 97.07283472703834 -60.00893246015151 18.143646279187912
0.066704578 18.150076057890782 0 98.07570461216022 -59.91855378387367 18.156621228446852
0.067973597 18.127620747112264 0 94.8334818495423 -60.9464058963746 18.199461683378953
0.06805253900000001 18.20457364070979 0 98.94215299630687 -60.25187067618975 18.202101246649523
0.068362745 18.094350188870205 0 98.26126457636936 -58.847668673874885 18.212445155725046
0.06871938799999999 18.3752504168044 0 94.75544162030745 -60.67342927202082 18.22428203303461
0.069037516 18.211433570693096 0 95.32498783349199 -57.465807962387494 18.23479100135538
0.069279543 18.134857085854375 0 94.7318916381676 -57.4717911323333 18.242755012268514
0.072319269 18.39395126245888 0 94.12163951385814 -62.39174115335654 18.34056996722081
0.073837849 18.299484020387823 0 97.80052238014427 -62.24609126668396 18.38797052195056
0.074047855 18.37598812588363 0 94.63204593574558 -60.28624021562025 18.39445204174836
0.07405036599999999 18.293009109157328 0 98.33445746592905 -63.007944955272684 18.394529433551195
0.074689264 18.495091485920973 0 94.7564320033672 -58.71678355731715 18.414139857363207
0.077006379 18.56010043636083 0 93.56195908705152 -60.07237434911528 18.483940699323988
0.078344272 18.5074746405908 0 99.47807897132955 -60.674071614981614 18.523334948560127
0.078566192 18.488992834793297 0 93.2962473128628 -57.79020114088253 18.529807189026933
0.078597526 18.491147593733327 0 100.82721574919051 -60.77503030210308 18.530719630620066
0.078854326 18.458747966926698 0 93.29492127887579 -58.27463589238185 18.538184550901345
0.078863148 18.509231540947432 0 99.36444654082338 -58.3263082842569 18.538440585118828
0.078961595 18.605555840973945 0 98.80261885569176 -58.43956449490222 18.54129588431924
0.079082771 18.437082773064567 0 96.6119981491227 -59.35575996234106 18.54480574023182
0.079184685 18.555326933711378 0 96.11882816401109 -59.918311393541785 18.547753701391798
0.079287741 18.51691496151424 0 94.23801042115197 -58.36925978870034 18.550731015778894
0.079474269 18.624974661640685 0 93.2844074692514 -58.27910133971815 18.55611047763519
0.080273339 18.693019445190785 0 99.42646047702101 -58.399031276817034 18.57902010061426
0.080290696 18.775104210433113 0 98.80291535004672 -58.31494803873965 18.579515313608148
0.080572614 18.492641952980453 0 96.26961141675491 -57.898242545258505 18.587544454364416
0.080661434 18.652959369923387 0 93.8272956993774 -58.38586762864167 18.590068533451934
0.080694528 18.474057249910672 0 99.5445811080027 -59.5546024513149 18.591008317994035
0.080705019 18.82932639602365 0 93.85130744678189 -58.479039290990016 18.591306158687207
0.080862835 18.659697400021404 0 94.08422436445332 -57.26966029648717 18.5957821224128
0.080885207 18.586914798051158 0 93.82596747440728 -58.40999007062411 18.596415960738707
0.08169075 18.596384312590764 0 96.15255349992184 -61.149585331540486 18.619127739531613
0.081748683 18.55151544085332 0 94.25108134962649 -58.648687789380894 18.620752882094752
0.082092724 18.66397613300328 0 96.82995144873152 -62.758757348103686 18.630381392948305
0.082314477 18.670667529568483 0 98.06802742165978 -59.08282783317935 18.63656712087905
0.082546259 18.49618980022107 0 95.72013202573571 -60.56847348637905 18.643015649430218
0.083094234 18.842180606375262 0 91.51365626204708 -60.700466770841125 18.658192783445298
0.08339294900000001 18.586941443548255 0 99.74269674382687 -61.57055992096962 18.66642610278125
0.08339463400000001 18.710546349676846 0 95.09991980273476 -62.14538292831506 18.666472465770987
0.08361828 18.6859796252206 0 98.9473866556678 -61.65784818782735 18.672618207073427
0.083651765 18.720924508566664 0 98.55750105069706 -63.2863084160452 18.67353701912563
0.083871474 18.746036764354574 0 95.93445963750445 -62.51969689102982 18.679557049358863
0.084084659 18.904166121100488 0 90.37575492884298 -61.31778377985064 18.685383979243294
0.084109037 18.821777185598464 0 94.03421231652668 -62.13846313221797 18.68604939993721
0.08429675800000001 18.56493146980825 0 100.1316662739048 -61.8107214201871 18.69116727819732
0.08439289800000001 18.820695858451145 0 98.57729222594723 -61.04375998117507 18.693784162132683
0.08461715 18.583013109311587 0 98.71299501812477 -58.325098204123236 18.699877174328343
0.084820652 18.67359767505028 0 97.09104587995743 -59.06705142082822 18.70539310692693
0.08501584699999999 18.688740256663397 0 93.64398667756802 -61.20961762206069 18.710672050279147
0.085200421 18.737356307536512 0 94.19010586179041 -62.19658541934515 18.715653149739737
0.085324939 18.83918619876468 0 93.7782947732288 -62.35921711171571 18.719007717701963
0.085360417 18.79105712841591 0 96.04990450307835 -61.20125130111688 18.719962657020126
0.085477378 18.600719538601307 0 95.66029069898389 -60.926228305494355 18.723108149817946
0.085574441 18.81355611452515 0 95.80827405571728 -60.01779989255413 18.725715405950112
0.08569347699999999 18.59489466134627 0 92.38423078280165 -61.91447119668869 18.728909049048763
0.085724737 18.662194058404094 0 93.77004208617448 -62.336328466114075 18.729747030398496
0.085781306 18.77025166495973 0 92.609642410656 -61.94560159731966 18.731262726525927
0.085815258 18.75023917202108 0 100.50180310292124 -59.31790027112318 18.73217197141617
0.08583156300000001 18.7136842971223 0 94.6962640268788 -61.27999616296689 18.732608502582746
0.085987164 18.82586421932107 0 97.1050087233214 -60.60369360813282 18.736770417227003
0.08602928 18.799085156275858 0 93.83826000517791 -60.61965052372744 18.737895676037805
0.086199785 18.631102415522022 0 95.94760232479408 -60.44497794877513 18.742445891591405
0.08622931199999999 18.675771006697282 0 93.70557538689238 -62.2719004818561 18.743232999528942
0.08646872800000001 18.746047833396112 0 97.45872517559988 -61.860851147238996 18.749605711299623
0.086617005 18.742511099990434 0 100.56673272434244 -60.49847265600783 18.753544095042628
0.086875391 18.774849183222187 0 96.55010718979145 -59.54332336016275 18.76039177855473
0.087176247 18.804746959452146 0 96.05316483298388 -60.142227963945544 18.768340618152546
0.08735254199999999 18.679462640588923 0 96.31706184290562 -60.21303551433599 18.772986345502375
0.08738267400000001 18.87520267317782 0 95.92457395922928 -62.55315885542384 18.7737794916377
0.08738267400000001 18.83574353626734 0 95.92457395922928 -62.55315885542384 18.7737794916377
0.087476311 18.831858411835594 0 96.42568244826748 -62.648612035094 18.776242581587773
0.087896493 18.817099475624488 0 91.05365313516027 -61.07650419571657 18.787264544161925
0.088020578 18.78383738492516 0 94.00729839492308 -60.120774188713504 18.790509884122354
0.088043929 18.657223857178366 0 95.14575917930395 -59.41442242906077 18.791120123651673
0.088080399 18.756379119493342 0 96.83341011509516 -59.303203120681545 18.792072898580034
0.090451405 18.837668524362485 0 94.39415728112024 -58.823027267234 18.85322418547938
0.090969835 18.92826349870012 0 93.13533883247526 -61.93269136393918 18.86639202764454
0.09137231 18.86802606832049 0 92.91201873764307 -59.54136018862013 18.87656561825333
0.091699921 18.93482536756192 0 97.22360694622841 -62.938735862848155 18.884815456803146
0.091883416 19.00776326645345 0 101.92093334131576 -59.75364230534507 18.889423973320415
0.092043698 18.79106817650691 0 98.8430103593143 -61.55129367583558 18.89344234544872
0.092395829 18.911130989502254 0 96.63073294429859 -59.77657806988162 18.9022472144545
0.093089128 18.935904197240934 0 93.8505080722809 -58.41747893788417 18.919490117599047
0.093128742 19.079593923499946 0 99.37936618868773 -58.60495956224732 18.920471664529927
0.093352135 18.82790357163452 0 101.6194358846554 -59.103868900820544 18.925999440180767
0.093357257 18.74499799978189 0 99.60652101276787 -61.742104875554254 18.926126034871285
0.093371654 18.862790745007626 0 97.51970834817685 -59.289817190448254 18.926481833966612
0.09348101 18.83872074621869 0 93.1226042937465 -58.391541070210216 18.92918269632835
0.09395348 18.995906374051604 0 97.24576028013382 -61.697185918187294 18.940817355853905
0.09422745 18.968565449089194 0 100.00662410814202 -59.11308001193915 18.947538515157927
0.094392884 18.916666762097076 0 92.95855873086664 -59.0278326600051 18.951588047392786
0.09578224 19.019841540291477 0 92.82706087340341 -59.356913070919816 18.985333809922192
0.096661568 19.05978609993087 0 97.02341374903244 -59.71190341433282 19.006452598801733
0.097566511 18.978132727852834 0 90.8254716290993 -60.40670467006172 19.02799730889744
0.098067243 19.034758612303513 0 98.83191914169542 -61.97852076505084 19.039837408362526
0.098400475 19.131180733925728 0 99.43958319318389 -61.76061744019886 19.04768517609164
0.099422596 19.103391308659216 0 96.27571560236237 -58.272240577491885 19.07160054889349
0.099725358 19.05650460472332 0 90.1133975783662 -61.28816567579914 19.07863982454435
