0.100721114 19.064062427516287 0 97.77632881176129 -62.862252239143686 19.101649504683266
0.101096402 19.27589618985764 0 96.20652076320721 -60.7441519343923 19.110265741178655
0.101196621 19.154618876571647 0 100.68379194978294 -61.24397802399602 19.1125615484748
0.10126357 19.132956524947847 0 96.80948520807672 -60.26951659591329 19.114094011485765
0.101535384 19.065872904003967 0 96.22698893882216 -61.17651029734664 19.12030600471589
0.101813666 19.03298664212736 0 96.27046344180886 -60.644654372298824 19.126649538529477
0.101875966 18.97155706058448 0 96.86716957864219 -61.025083152497174 19.128067441151806
0.102095836 19.145137175220565 0 94.3475001412711 -57.087154337800854 19.133064975155488
0.102479522 19.129091929613363 0 95.5151746657663 -58.975877979904155 19.14176163132436
0.103022715 19.28217266873225 0 98.72385690979752 -59.11082370167948 19.15402117295536
0.103162896 19.10206975373316 0 96.29191734793469 -59.417630934962254 19.157175051273764
0.103238071 19.207720765098305 0 97.77678778746984 -59.3641461630173 19.158864715792536
0.103299362 19.118768418122873 0 92.69055602513845 -59.85377677698119 19.16024145708905
0.103751153 19.168552052527698 0 97.19628440040157 -59.57801771011432 19.17036599156759
0.10384739 19.007824975556755 0 97.65817308934885 -59.11885963597209 19.172517255359505
0.103875322 19.169021252395147 0 96.41256316622422 -61.36484585203866 19.173141289160732
0.103932174 19.083655287284355 0 96.63945585915695 -60.131775293907474 19.174410939999984
0.104274463 19.201285498823182 0 96.02228592116478 -60.00495174794783 19.182041283869065
0.104438277 19.120410785776443 0 99.19951447992015 -58.475534286775854 19.18568467084803
0.104696995 19.368460322255157 0 93.9472565608505 -57.108911175207176 19.19142783116772
0.105146246 19.06685772209532 0 100.19754340915622 -59.74967267303396 19.201368755253338
0.10541124 19.327267823372885 0 99.47231724128963 -60.96685731191121 19.207213680308357
0.105490754 19.090940252783977 0 101.31964058090021 -59.86012916441571 19.20896479864164
0.105495054 19.058825487621515 0 96.60350915242662 -59.03307014897848 19.20905946099587
0.105622481 19.12238369332908 0 94.02597282543152 -58.44720760668859 19.211863049455218
0.105688863 19.332260178876886 0 98.20339018948076 -59.187648895907955 19.213322289098414
0.105708937 19.310995574646057 0 94.28489790413171 -57.24684023789139 19.213763394489128
0.105761825 19.23663294283088 0 99.78885959123137 -58.57622700634562 19.21492517481552
0.105985296 19.171024427720173 0 97.13930830556095 -59.22160933909833 19.219828067492614
0.106088012 19.23081113985224 0 98.04002541821748 -58.7681966633732 19.22207835349202
0.106146313 19.024748298604678 0 96.12441124712095 -59.72601445608346 19.22335468724715
0.106200924 19.148356202770085 0 98.89773613477301 -59.68645278151944 19.22454963851765
0.106280576 19.157120620930648 0 100.2164174285498 -59.73974230671218 19.226291475378694
0.10632618 19.198695544626887 0 100.3613717208432 -58.97398583299758 19.227288192638227
0.106369935 19.29267262059958 0 94.52615558445929 -58.97398668657643 19.228244118830894
0.106422657 19.248023125779373 0 96.83290111567226 -59.08662936568446 19.229395456036105
0.106684533 19.347461499241312 0 96.57912227829004 -58.766560403179184 19.235106304009914
0.106700067 19.284873729816784 0 100.46253192305849 -60.437596134586194 19.235444644861012
0.107055916 19.199517726361407 0 95.55584237876334 -59.100518721581814 19.24318256211688
0.107087968 19.43065148787908 0 96.73270813832424 -58.57575463755253 19.243878338308946
0.10719975 19.360909884388974 0 94.90524585681301 -58.68188169711517 19.246303334121595
0.107212108 19.193458867175966 0 93.28457187523712 -61.771025542943065 19.2465712816653
0.107499585 19.275782930811943 0 94.7841364861331 -58.73263498234172 19.252796174945267
0.10757551 19.377553082913558 0 95.99050301802458 -60.34748643341406 19.254437595930266
0.10767791 19.402385966319613 0 93.61824916648638 -57.76519341908781 19.25664964795721
0.107770382 19.397451247540676 0 93.71163591264991 -57.746483550673894 19.25864552881745
0.107904056 19.195090133863737 0 95.87392080932176 -59.515521558814314 19.261527842315232
0.10796455 19.229393201495192 0 95.27539782325917 -58.600468404945424 19.26283112194577
0.108225294 19.20779013028556 0 94.87499488071751 -59.77740829739018 19.26844070017361
0.108236362 19.28321720166015 0 94.45029135969158 -59.01590605825504 19.268678531884593
0.108400695 19.33605954815541 0 95.004715873882 -60.97788492214681 19.272207058884465
0.108437292 19.23711051052333 0 96.91549842779644 -58.387768308078044 19.272992175311998
0.108468279 19.20428763289022 0 98.86796962803317 -58.6780131564404 19.2736567447624
0.108663119 19.13576663000251 0 94.68227672784118 -59.662499531465464 19.27783132243681
0.108734441 19.310700431521926 0 94.38451340227662 -57.914687659343656 19.2793576780592
0.10895292 19.319329928031408 0 93.77218401244092 -58.80504068677665 19.2840274541242
0.10914963 19.267700143314688 0 94.22264449269028 -59.109320084241865 19.288224385470798
0.109421927 19.182821066603445 0 94.4613888396293 -59.31232177533681 19.294022250610567
0.109452697 19.247869679582763 0 94.40739490150885 -59.19309736791865 19.294676562421373
0.109502421 19.312633952622186 0 93.99049495000787 -59.78204547015045 19.295733556758854
0.109523747 19.29447858866046 0 92.8917675275688 -61.22685332047887 19.29618674962183
0.109576458 19.362837862904726 0 93.7848896342738 -57.55109182681918 19.297306539241532
0.1098234 19.273268737063912 0 95.24202353945842 -58.95702837961608 19.30254580368344
0.109997215 19.20964271232158 0 93.30367020472515 -58.14800666851578 19.306226903179155
0.110081742 19.33095654140361 0 91.90144467075228 -59.475895111378186 19.30801505545806
0.110168763 19.333052051675388 0 99.12217505227288 -59.621598850367654 19.30985461525733
0.110180294 19.242423997745085 0 92.04169570483444 -61.89354602082339 19.31009826924814
0.110313304 19.20443779529697 0 92.08872318800208 -58.9158433126624 19.312907078655478
0.110437997 19.245485315099174 0 93.24818296146474 -59.46946262789108 19.315537356089607
0.110484537 19.23644209326416 0 93.51851581278376 -57.54050395658384 19.316518354294907
0.11065162 19.26010852242924 0 92.79872213419588 -59.851821843891294 19.320037022244733
0.110763808 19.38480083092134 0 94.46926546329337 -57.689690802313024 19.322396823560638
0.110909087 19.4524641474053 0 94.05673669407558 -57.193121876225604 19.32544932524345
0.11137315 19.432056020263442 0 90.27966435995563 -60.817752618113325 19.33517469936111
0.111469732 19.404037186308038 0 94.1641207688636 -58.0557119901785 19.33719396493396
0.11167409 19.44370932475596 0 90.61978935138 -61.28957806242516 19.341461099808715
0.111908347 19.449276134663663 0 94.51170414541212 -62.43365614843711 19.346343499214356
0.112020886 19.498193541345987 0 94.00816898024817 -57.104310644860156 19.348685618995315
0.112243709 19.24367270004197 0 96.23758259135927 -57.62517960799767 19.353316392014086
0.112997043 19.26288928577882 0 96.8837351355503 -62.54793960702594 19.36890848710436
0.113134753 19.499531762302823 0 94.37756216967465 -58.52058455947457 19.3717481380464
0.113291053 19.415488073151263 0 92.03934277071815 -60.143406452088534 19.374967180577823
0.113570307 19.482717047684506 0 92.57410637295015 -60.10470396198468 19.380708091843143
0.113798693 19.32051249322834 0 95.74672122056944 -58.9232810989434 19.38539337895359
0.113897323 19.476139147246077 0 96.75595437361379 -57.99436775529925 19.387414012588703
0.113946248 19.394741351633538 0 95.67384518146118 -60.64625168255478 19.38841572786612
0.114134909 19.444891953034876 0 95.48022168602762 -57.7730214049121 19.39227467886384
0.114291032 19.554573664777482 0 96.85542628590574 -57.967182424068305 19.3954635428306
0.114293845 19.52465868527346 0 94.92608372464508 -60.309944130309894 19.39552096164491
0.114324309 19.460007357468037 0 94.01452392917366 -57.48335221750244 19.39614270601997
0.114325214 19.351827105798744 0 94.70800583286535 -60.66645233409458 19.396161173914496
0.114354494 19.48689853394605 0 94.45477862644638 -59.01394342111477 19.396758602333513
0.114382249 19.239157671629776 0 96.45790627074621 -62.58971828615671 19.397324781672253
0.114469229 19.396724314360505 0 96.1735522059816 -57.556824452878374 19.399098264781824
0.114512285 19.297903472145 0 94.64256399710804 -59.76330777884422 19.399975687631308
0.114560704 19.50887926883469 0 95.28370646482165 -59.62687393775917 19.400962030000997
0.114672142 19.47280695319697 0 94.6062333316775 -59.325697838560295 19.40323064000952
0.114676634 19.52893800681662 0 93.4558574793718 -58.94834766004335 19.403322042794766
0.114756677 19.39002211641095 0 96.21168664919041 -61.7340895545084 19.40495018492004
0.114817326 19.353331219016205 0 95.29671449257923 -57.50547407708985 19.406183124623364
0.114979126 19.41605047444698 0 97.4752136807906 -59.4971880550756 19.409469374804303
0.115041387 19.50322637517085 0 94.11270169343024 -59.11168043011129 19.41073277088788
0.115240368 19.46173297565112 0 98.98721047168438 -58.444734116752294 19.41476616705772
0.115339182 19.375197776068227 0 95.39392746378836 -60.48631313613558 19.41676671577028
0.115393123 19.35843262780563 0 92.7686991570832 -59.051238211271325 19.417858102784503
0.115732176 19.466650848041354 0 96.17831893718744 -58.6666719903636 19.42470717446829
0.115904916 19.545060317512753 0 95.91649390134012 -59.9344386229419 19.428189363357532
0.116487731 19.534786267563657 0 96.50543243543748 -62.76587780053481 19.43990212720204
0.117084064 19.463527821820517 0 96.07730237026638 -59.56245586008916 19.451829600847983
0.117709547 19.466041871501048 0 98.4000761919575 -63.09028073247293 19.46427883566899
0.117716034 19.442744648344483 0 92.5479263008592 -58.6828219577094 19.464407622531365
0.11799846 19.658188466480727 0 94.40924671475426 -58.66937705495601 19.470008181127465
0.119863008 19.46376687738662 0 95.07527526674784 -59.02037904426484 19.506669131289943
0.120084302 19.612619960887926 0 92.24330256277241 -58.83668610185271 19.51098457605444
0.120268782 19.619713450070886 0 97.01172959460143 -58.326424115141876 19.51457640114604
0.120713623 19.627034818966138 0 96.5978967840656 -58.520323843415575 19.523216194086693
0.121389933 19.583822167776653 0 95.01351927536228 -58.98707491738105 19.536294450791484
0.121481419 19.58895438644555 0 100.49260160647572 -59.85045720460921 19.53805831481407
0.121693339 19.404716578605736 0 97.09489109008051 -58.3259475727273 19.5421393739275
0.121933296 19.611163428605703 0 96.22268944121154 -59.47307415218058 19.546752301472754
0.121945142 19.436448089575844 0 95.20099610337502 -58.83747392102051 19.54697980764715
0.121949519 19.51099388783917 0 97.19168905965613 -59.36374329091621 19.54706386406097
0.122040798 19.527881009027976 0 96.24349886621393 -59.03775089171976 19.54881615076433
0.122044637 19.60334971517665 0 96.3611703683487 -58.92801138090485 19.548889821212573
0.122428439 19.476134599065265 0 96.36776938167965 -59.06458788952532 19.55624401632197
0.122582475 19.709546443713318 0 98.64030749994421 -59.81982923970208 19.5591894760108
0.122654133 19.50965226293618 0 92.30178538932016 -61.316376960817365 19.560558527494234
0.122671092 19.718157436772557 0 95.06223248202686 -59.251724094597975 19.56088242522432
0.1227493 19.61129104048942 0 94.47780213067871 -58.33000279689878 19.562375565463906
0.12280141 19.73919154818827 0 96.92966020838087 -58.61888913098382 19.56336994888966
0.122801878 19.502031082105844 0 97.16778412749372 -60.11921628480058 19.563378877652585
0.122825772 19.645254137566322 0 94.50005396330558 -58.4138078995841 19.563834698126406
0.122890117 19.570726293887237 0 96.90479553482001 -60.0668560060411 19.565061779123486
0.122925371 19.61863427573333 0 99.44707168007123 -60.66050477081627 19.56573382893852
0.122955332 19.59101643428093 0 96.391610268487 -60.39292118272847 19.566304835551477
0.123058212 19.547021743547038 0 96.88754846403215 -59.95411358834314 19.568264561927677
0.123096481 19.522256941176934 0 95.09400007344364 -57.86080904163498 19.56899314244916
0.12312129 19.6360048117316 0 97.85390286476476 -61.044820905615886 19.569465352431408
0.123147443 19.451622592928654 0 95.49706367309722 -59.04803356608653 19.569963047092482
0.123173782 19.52450958659611 0 99.27047782735657 -61.751980630925296 19.570464181010557
0.123359975 19.434667033717368 0 97.3056663153206 -60.813562508341 19.574003877939976
0.123425546 19.63928775357312 0 94.86219631826599 -58.1855137168561 19.575249246976593
0.123498979 19.548080251230626 0 91.26596103995476 -60.746833924225605 19.57664319895566
0.123532224 19.397179405640145 0 98.73890898483984 -61.07848580901529 19.577274020714377
0.123826118 19.58930814476456 0 97.02822805547524 -60.30405884152681 19.58284371523569
0.123987867 19.566742593745726 0 93.71362327298664 -59.24641130139404 19.58590378578653
0.124038162 19.559506673690013 0 98.32111541634214 -60.68437233319026 19.586854534470685
0.124077562 19.6373770091167 0 96.84908161969184 -60.15104448570171 19.587599077262908
0.124087758 19.5441547738859 0 93.29981868392272 -61.296086705637215 19.58779171516653
0.124143369 19.532918328322296 0 93.47233086273596 -61.49486445887483 19.588842138802566
0.124179535 19.716937084249174 0 96.67985940523184 -61.1503992285671 19.58952503309812
0.12418734 19.671644125404693 0 95.34846925732802 -59.17222575832902 19.58967238430496
0.124235731 19.592064431798693 0 98.3184957658647 -61.25322907640845 19.59058576771489
0.124245831 19.66492133751819 0 98.40909028870503 -61.164039015267974 19.590776363754948
0.124251563 19.639672765915662 0 92.90834595343672 -59.63297653061856 19.590884525253454
0.124315196 19.562708564975946 0 91.99676832075205 -61.227353919074325 19.592084950416897
0.124349379 19.515521702362946 0 97.7231495602753 -60.819071589203126 19.59272956837005
0.124436814 19.585525409816398 0 94.83407759003632 -60.12014476879217 19.594377647770933
0.124486193 19.614313376770188 0 93.28870187369728 -61.49532430280694 19.59530792176579
0.124558915 19.533537819255862 0 95.41308313522792 -58.82587102628626 19.59667733466787
0.124653466 19.54978579871455 0 92.25716509050272 -60.54476071480809 19.598456682753163
0.124668555 19.710567661947092 0 96.99003067306893 -60.75350356235808 19.598740524228266
0.124681652 19.561268828489748 0 94.21148065917671 -59.657133991869536 19.5989868677378
0.124698291 19.760307415551907 0 93.10614522761246 -62.21175376368041 19.59929979823475
0.124703075 19.506423376507133 0 90.84916067805916 -60.28745862392413 19.599389763902547
0.124725754 19.69649551192254 0 98.59502365727005 -61.243658100041074 19.599816210483336
0.12477087 19.552983086303673 0 97.43903230932364 -60.72829666580322 19.600664336729018
0.124775875 19.727050293203444 0 96.50525460803179 -58.42608999843724 19.600758406931764
0.124778292 19.536447707909 0 96.80243478857071 -61.174577869569866 19.600803833771028
0.124991587 19.537420309179648 0 98.57848984255313 -60.95261133710004 19.604809403640896
0.125008124 19.488841745478364 0 97.07882145604714 -60.86899390615492 19.605119691811375
0.125016004 19.75366701349247 0 98.57704647152772 -61.65664444606293 19.605267532809496
0.125174308 19.711903807310893 0 97.04834951817251 -60.148517235297916 19.60823570899636
0.125260608 19.487011156436814 0 97.78833051695676 -61.00791919096816 19.609852337010764
0.12535212199999998 19.660163637072394 0 95.42752191024685 -59.4543301719369 19.61156549513344
0.125384564 19.732884663200647 0 92.80392573173944 -61.8443645563758 19.612172533165094
0.125481552 19.603872106126158 0 97.19569771283301 -58.141487830423 19.613986443832182
0.12578109699999998 19.625458242902177 0 99.46324800883623 -60.98925372559278 19.61958036333159
0.125808031 19.65781311204388 0 98.46941262612451 -60.770196658907906 19.62008273533618
0.125830252 19.676526220978232 0 98.30116462028424 -62.09777485963117 19.62049712463469
0.125837101 19.74112936119053 0 98.20906392343441 -62.890541230808466 19.620624834664213
0.125957485 19.60709860764861 0 98.55429097365598 -62.64900712012143 19.62286851299952
0.125959254 19.748339221385148 0 99.72942465686053 -59.732770278736474 19.622901468044642
0.126057279 19.64380111087857 0 98.27995083302109 -58.3089972172763 19.624726916172172
0.126082748 19.623380321408888 0 99.97957070206742 -59.5280919307113 19.625200988729294
0.126152632 19.69147162351204 0 97.95409069546386 -63.15265252203528 19.62650132764153
0.126251314 19.65908097630159 0 99.72389188795256 -60.548435264159224 19.62833636299771
0.126349509 19.602712735494784 0 100.62962530003165 -58.95806988071082 19.6301610066015
0.126512625 19.529934740108892 0 100.0715266294353 -59.60473365979192 19.63318906212848
0.126654006 19.694354572411424 0 100.55009934124858 -61.44387166442339 19.635810670336067
0.126663403 19.646713748418694 0 97.47414695355806 -60.709151128248386 19.63598482024825
0.12666761599999998 19.66237060800551 0 100.47742181434532 -58.71128565493896 19.636062893738565
0.126760275 19.736590867044157 0 100.77071455027323 -58.445602566190225 19.637779394274002
0.126763598 19.618955154349123 0 97.7653149731778 -59.91935526327917 19.63784093070872
0.12680777 19.681862090533983 0 98.88836303534173 -58.69563638534398 19.6386587789295
0.12692473599999998 19.53172926633208 0 98.0559863034075 -58.098945642256794 19.640823123529106
0.12699687199999998 19.559944492766306 0 89.63349838337787 -61.318586636268634 19.642156998714
0.127045344 19.595993385757012 0 93.15781985807446 -58.536462977973024 19.643052900799894
0.127375934 19.602547695478087 0 99.68072949534105 -59.79072786380175 19.64915461603748
0.127417321 19.671313328193612 0 98.43807158293508 -62.175584048285465 19.649917451033467
0.12768548300000002 19.896326343687356 0 99.27076785922657 -58.284953449733884 19.65485452125221
0.127737927 19.606735252496406 0 100.39955271041424 -58.90452174065648 19.655818918538802
0.128511023 19.663268573401552 0 97.95752922035572 -60.66397745196689 19.66999251731041
0.128926466 19.79202547544365 0 93.95603706889904 -59.310695925601465 19.67757606139679
0.128994463 19.698246598633162 0 95.0338607611185 -57.550913515905535 19.6788151033393
0.129006912 19.712649384427387 0 97.94234526542776 -60.54254079926136 19.67904188278864
0.129073642 19.74181284403753 0 97.42913202190924 -62.30620391842406 19.68025713210764
0.129166361 19.737053805413996 0 96.12306971301592 -62.301424832599494 19.681944700778192
0.129233887 19.809015826408 0 99.50850621092523 -60.095269373088826 19.683173019533328
0.129279019 19.77965115975982 0 96.92322311030678 -59.390841064482935 19.683993649003966
0.129422284 19.720834957760367 0 91.54776967881844 -59.49306621815811 19.686596839672085
0.129484447 19.59546868550239 0 95.79261528245523 -59.40315529976631 19.68772552933769
0.129649704 19.807425020369088 0 93.4305125207366 -59.125244058547274 19.690723621230077
0.12985606 19.68855019343206 0 101.42492725808523 -59.836652539391785 19.694462304271955
0.130317737 19.751445615153056 0 92.21354247621359 -59.432487840924225 19.702806668626216
0.13049364900000002 19.80206962006384 0 96.84375114281514 -59.27933365156762 19.70597881752023
0.130661879 19.749760198599766 0 94.86153538850141 -58.59845814668865 19.70900869234502
0.130732503 19.73138340829393 0 94.61931346317732 -58.627440928369076 19.710279562946237
0.13077334 19.63032148174841 0 96.81373215575908 -59.40727465953182 19.711014126356076
0.131158498 19.80486118490086 0 96.14852664223444 -59.610515683426726 19.717931672523328
0.13153427199999998 19.708406195540817 0 95.0669228598463 -58.170986269112475 19.724662354259404
0.131599439 19.815180817433976 0 96.80229650318262 -58.981160139576644 19.725827760036925
0.131627672 19.71798950597888 0 94.10065823263722 -58.10948909921081 19.72633249340709
0.131708299 19.69947415779543 0 93.70278124841404 -59.04111702797029 19.727773338261454
0.131752292 19.659841332006426 0 95.24677070145846 -57.62509425596861 19.728559166683077
0.13179879 19.705242593636783 0 97.63099629540676 -58.619520167177235 19.729389473615367
0.131828532 19.751378132408927 0 93.62206786515907 -58.459327054346524 19.729920427550127
0.131833271 19.786940884806896 0 94.64042661420253 -58.37991172708328 19.73000501777014
0.13184616300000002 19.728178521198505 0 93.31700179192522 -59.20312767903015 19.730235123021213
0.132011111 19.669302118884602 0 94.70972068807272 -58.933080018633035 19.733177368799453
0.132033895 19.84229086061052 0 94.70554717453324 -58.97960044307885 19.733583505625013
0.132053934 19.68682442706216 0 91.43981072070886 -60.01847870696388 19.733940657100344
0.132089934 19.644052525410014 0 95.82995083417784 -60.37185800599493 19.73458215104412
0.132157376 19.672111541459635 0 95.70140045992231 -57.34040071732721 19.735783477864555
0.132266107 19.75737205445614 0 95.2363829973299 -57.715761613740405 19.73771906583433
0.132399614 19.796297642210067 0 93.83259129677198 -58.16379473836393 19.74009366858324
0.132441602 19.745187000713138 0 92.37281539390408 -59.34386994348308 19.740840018276227
0.132523624 19.69008209562166 0 98.01877636386749 -58.47915999081007 19.742297345398732
0.132538234 19.820205132048567 0 95.66308484126085 -58.667180009254274 19.74255684012024
0.132626099 19.747944391247145 0 91.76364532455004 -60.21380076778793 19.7441168845293
0.133036719 19.87456887873754 0 95.76508709733993 -57.43449514987208 19.75139463690936
0.133056505 19.73697355592639 0 91.6270619435736 -60.05414575539209 19.751744788613767
0.13306979800000002 19.694927650333327 0 97.9578522512325 -58.44071530108803 19.75198000667807
0.133155637 19.828064171645018 0 97.81583778299179 -58.74601024903861 19.753498387857015
0.133536726 19.74132391817278 0 100.17951110257988 -58.76734552726867 19.760228308511696
0.13429144099999998 19.922114386029975 0 99.1816819880873 -58.474229988304785 19.773503432202226
0.134449184 19.783087583102212 0 97.84599250647493 -58.2233677198905 19.776269236081152
0.134534528 19.813851764491986 0 98.20655774995173 -58.13410369484353 19.777764357783717
0.134626133 19.820756320588046 0 93.88162418357908 -60.38340288041465 19.779368176548317
0.134828502 19.88106064831853 0 93.62064614799885 -60.22677750668494 19.78290763032005
0.135143071 19.718912849533293 0 93.7049468888957 -59.79940718717229 19.78839960978936
0.135237271 19.870644496863587 0 95.5612184212834 -58.43245426722967 19.790041894759
0.135624575 19.779666216120614 0 91.65260771790136 -59.41390359570811 19.796782927237558
0.135664876 19.777983422140537 0 95.96417448382648 -58.45576102394797 19.79748333129105
0.135730505 19.731822763604328 0 93.99554497058668 -59.847712565723135 19.79862350206341
0.13573526800000002 19.938184858304613 0 97.38934429014641 -58.723922509925096 19.79870622944089
0.135858242 19.81163876811734 0 96.0277236315832 -58.506612751030595 19.80084119439056
0.135997396 19.944709731530885 0 96.67158430393248 -57.99736567499176 19.803254881521326
0.136036198 19.933770792954427 0 93.77023365809411 -60.283938738325254 19.803927507035848
0.136036555 19.78887328495668 0 98.21022642763286 -60.53744920249113 19.80393369473123
0.13603915 19.794062189551514 0 94.40100599354128 -57.59821228144529 19.80397867206024
0.136089071 19.7292987251306 0 93.71708238947784 -60.76607595759726 19.804843761721926
0.136105235 19.707672500623115 0 93.0606203479086 -61.45882920200772 19.805123806820536
0.13611996099999998 19.75056172392689 0 96.6011679752658 -58.18684202934647 19.80537891113293
0.136131376 20.008162452482495 0 93.73540768848818 -60.87748877749004 19.80557663991252
0.13636796 19.786706173381702 0 92.9688840841316 -61.26250162697628 19.809671219532444
0.136370351 19.604789304709765 0 101.13363467074629 -58.487660415287316 19.80971256682746
0.13662961 19.717457055842488 0 94.90479225066409 -57.46556679531603 19.814191883094736
0.136992331 19.836878120588025 0 94.63423301040665 -60.626770377812406 19.820445420206703
0.13699914300000002 19.83297688902891 0 93.09964054298084 -61.4552207506974 19.820562715050468
0.137061725 19.849224550993103 0 93.27017579614711 -61.670692464394065 19.821640050145774
0.137190082 19.76894471574286 0 90.68359800258976 -61.45042077736153 19.8238482475984
0.13720411400000002 19.85257515170306 0 98.20878704388663 -63.083702236629655 19.824089530724486
0.13748281099999998 19.74954974473954 0 95.27847006706949 -59.49607368262275 19.828877005486802
0.137554713 19.983703054904407 0 95.49679574163756 -59.70129186013547 19.830110668957953
0.137557693 19.971463472537366 0 93.8126168550617 -61.58993988182507 19.830161785488556
0.13787390900000002 19.817026799080733 0 94.4769823955973 -60.37631362045994 19.835580021726926
0.13801274800000002 19.869326912145898 0 98.48641996729741 -63.25857329875644 19.837955300960672
0.138052602 19.793850564074077 0 92.44631991326379 -61.56855466976947 19.838636716443318
0.13812387199999998 19.92767437439755 0 96.87359378116749 -61.19004223055299 19.83985481752985
0.138252368 19.795830892990576 0 94.35847864229035 -60.968200395125294 19.842049503680816
0.138345096 19.692084542437122 0 97.2731098126535 -60.38821245829221 19.843632094407493
0.138352138 20.011429379633203 0 97.86651210538817 -60.70820865589488 19.843752239825005
0.138481031 20.01014525854366 0 95.37794025621496 -58.07339039822818 19.845950307248952
0.13851805 20.0158447305842 0 93.76486169870913 -61.332539779538614 19.846581254317226
0.138544831 19.782920332520085 0 95.32127828573587 -58.346573593665326 19.847037607908064
0.138898147 19.72982031138438 0 92.13455093717319 -60.767296107793825 19.85305047035061
0.139028596 19.892621889213604 0 97.20203133749388 -60.52584225546386 19.85526688411889
0.139164342 19.836230218550206 0 93.69242638069176 -61.480328677245204 19.857571233148985
0.139490013 19.817484176908984 0 98.91800451676393 -58.537196989254475 19.863091083621427
0.139609949 19.968345145323056 0 94.87759517894642 -62.196806855674474 19.865120862100735
0.14021292 19.847703023089192 0 93.86067846740164 -61.3793282426232 19.87530080953125
0.140325292 19.93731179319901 0 94.214461779694 -61.32956745251143 19.877193457357407
0.140329334 19.950773828975645 0 93.16762363968992 -58.63408375164697 19.877261509141746
0.140350259 19.884339104506054 0 100.31791544089438 -61.84756768445305 19.87761377662228
0.14038403 19.875447209575828 0 93.81307291123363 -61.08845093215414 19.878182199941946
0.140399096 19.83747335152664 0 93.74018904228949 -57.94456327564636 19.8784357450843
0.140522003 19.811972206385 0 99.13196248869244 -59.52721866949469 19.880503192597875
0.140570807 19.97692601808456 0 93.85855720219642 -61.32024018501439 19.88132366722084
0.140599151 19.899720916492072 0 95.46105098430651 -62.55306730624012 19.881800053720106
0.14062635099999998 19.884375352371745 0 94.17652884565108 -61.3418822343353 19.88225712823421
0.140712747 20.014394036176924 0 90.48269210615132 -60.784295779256226 19.883708396744414
0.140762125 19.991227919370782 0 94.36573210184535 -61.575161830366184 19.88453746773894
0.140883209 20.07272960393351 0 97.61155986768159 -57.965365977344796 19.886569353061446
0.14090571300000002 19.84317471392251 0 98.46850417427031 -58.08212841590731 19.88694680806708
0.141849808 19.870819221602293 0 96.07544717527249 -62.177487649803616 19.902731365830604
0.14192005900000002 19.840044750078828 0 99.59099588988279 -59.388756974663934 19.903901980946408
0.14199715 20.038993262690905 0 100.22626160591663 -59.060123091832864 19.905185950112514
0.142081559 19.839676662264075 0 93.4957693879015 -58.702059108062954 19.90659105534979
0.142274186 19.974442665532752 0 93.51084723967668 -61.3401838759206 19.909794680372013
0.142293674 19.891312520705878 0 96.71893175357201 -58.03439980787771 19.910118564061825
0.142705786 19.86073022201144 0 92.70779474736663 -60.848866172321024 19.916958030992745
0.142873144 19.891222259478152 0 96.25936347886268 -62.5299417326891 19.91973025885917
0.143420726 19.894660615959662 0 95.44179335336214 -62.15695446522575 19.928779609413358
0.14350049199999998 20.008565360761004 0 99.51784090534706 -61.07111064567688 19.930095129288237
0.144113222 19.865701507495924 0 98.85920580254032 -61.38927756304024 19.94017769969892
0.144180099 19.93629192617432 0 94.85699150489044 -59.33127327376137 19.94127574637532
0.144180099 19.976700525084915 0 94.85699150489044 -59.33127327376137 19.94127574637532
0.144482529 19.885770862536496 0 95.51534506021895 -60.404575259123405 19.946235381042797
0.144537835 20.041053019963226 0 100.06351699905252 -62.17906388158494 19.947141310773716
0.14475795800000002 19.872059904001787 0 100.49916532320653 -59.252826841157656 19.950743789110106
0.144903364 19.93487831754535 0 101.03099363991876 -60.178371547036235 19.95312066250983
0.145127446 20.21114588154939 0 98.15481450439371 -62.69981643618409 19.95677925201557
0.145143215 20.014506432983183 0 96.97979583826486 -59.92831028259261 19.957036513935808
0.145190312 20.103013180817584 0 90.78179503147952 -60.31280586648915 19.957804718300352
0.145237387 20.080894603185907 0 93.30928028883824 -58.80679733544054 19.958572331303312
0.145325924 19.94326107586696 0 95.46057910789395 -60.89320396494337 19.960015401544187
0.145521306 20.008375961497187 0 96.53868822967348 -62.276041752613466 19.963197042511066
0.145589155 19.9464894096536 0 97.60068674336591 -58.52391011744933 19.964300976587946
0.14562619 20.002943446175586 0 100.00885802789308 -58.2827879287703 19.964903350210324
0.145753728 19.973352864840184 0 91.7184334770608 -61.606981574594094 19.96697665957405
0.145807614 19.986325317196282 0 101.2501211957844 -59.15003668636891 19.967852143173374
0.14586084400000002 19.93430373607404 0 98.1975458704052 -57.963725898396426 19.968716672197825
0.146012571 19.93064744179224 0 99.12220839682756 -62.701250368915645 19.97117931349707
0.146068006 19.970406289740158 0 95.25702218021559 -58.10165638428195 19.972078468568107
0.146312796 20.00341333785081 0 96.10848122708559 -58.41246952892638 19.97604515365587
0.146352482 19.971313747307306 0 97.39218276406996 -60.06752008863578 19.97668765932821
0.146538468 20.04762084371721 0 96.03093705490488 -61.560969297699614 19.979696556967216
0.147385526 20.033165010845558 0 96.48428745321146 -61.2976773836269 19.993355399073288
0.147499576 20.08707701147133 0 96.50427894945791 -61.13395037736741 19.995188859426662
0.14763757 20.05363917901772 0 96.67760013704569 -61.65759708639593 19.997405473711744
0.147648107 19.85550522238317 0 96.69921971225874 -61.75748099803349 19.99757465133952
0.147874515 20.048290454414026 0 98.50400750644755 -58.5917462571879 20.001207043027406
0.14789814699999998 19.955849284641868 0 96.08040661465776 -61.623859784741114 20.00158588536335
0.147933433 20.15410986074313 0 90.83483208080992 -60.20782070488365 20.002151446719147
0.148357867 19.938777885856293 0 93.26917771885748 -59.0091271973471 20.008944396108728
0.148426295 20.053156116224688 0 93.16288558831872 -58.13184842292113 20.010037869420255
0.14852603 20.082656356506288 0 93.94249030934752 -58.517319522671784 20.011630783582238
0.148761267 20.04845088677789 0 91.50399820078657 -59.94734824066161 20.01538391348
0.14893392 20.089180845805625 0 94.1725549876208 -59.368808730611846 20.01813501381668
0.149807314 19.99519608290611 0 101.24042738062842 -58.81127316476443 20.032006476952255
0.149980731 20.117255622198503 0 94.8673997801413 -58.255443435259544 20.0347517492534
