0.15024507199999998 20.06609038399447 0 101.08397645900007 -61.09799698423704 20.03893069957257
0.150258501 20.11969436067808 0 99.66220336360507 -61.31539046598264 20.03914281468848
0.150350324 20.02236456821517 0 96.12005813542721 -57.725776379352176 20.04059271309817
0.150397328 20.081018743932592 0 98.73789806512718 -61.493183742642145 20.04133459344855
0.150427015 20.21356591222904 0 101.40338867039536 -58.86504005677499 20.041803042190587
0.151414073 20.092289085600214 0 101.46667667737434 -59.13832696769894 20.05732952596031
0.151550992 20.11559656677414 0 96.7535842605413 -57.61848816655946 20.05947581105703
0.151604038 20.074438160066407 0 95.55644892277321 -61.31698437826294 20.06030685207018
0.15198282300000002 20.08703260984869 0 95.80207293400956 -61.405507967642095 20.06623318906446
0.152073193 20.080467244111187 0 95.26763509856251 -57.29301148439139 20.06764505138207
0.152175591 20.141426794102767 0 96.45112142941221 -57.72776886097794 20.06924388363841
0.15220003 20.133310919027306 0 93.34453940403112 -60.67240508841003 20.069625323496638
0.152283385 20.16543040732234 0 92.60196997792455 -60.97538443724821 20.070925885105147
0.152662858 20.054066338052717 0 95.25410007257528 -57.71917365358696 20.076838305985998
0.152707356 20.084566165848624 0 100.334930920646 -60.400411205570315 20.07753071421736
0.152818202 20.150496038438988 0 98.0744007901894 -58.02176973747356 20.079254708658862
0.152864469 20.02025920245677 0 97.59045599526182 -57.94696190594652 20.079973957245347
0.152890581 20.1196709620397 0 96.96068609438106 -58.17879471253129 20.080379794546086
0.15305385 20.0560305619063 0 95.48332565438128 -61.517008119799925 20.08291588598758
0.153063405 20.20428438305268 0 93.65116204448252 -58.34091799255341 20.083064227670306
0.153191897 20.01280645391867 0 94.46376378839979 -57.57226616772788 20.085058231995443
0.153256557 20.10059774594761 0 97.696285647828 -59.919794304890786 20.08606106922063
0.153295035 20.05174566311094 0 95.86553199036766 -61.49904449071866 20.08665765240482
0.154318672 20.156778343498946 0 96.57521273929235 -58.41943416517121 20.102477630048707
0.154324185 20.160293365704668 0 95.4168982386575 -59.029390033075416 20.102562566582648
0.154802797 19.97581348844823 0 98.90746746135945 -59.886837736229495 20.109925588835008
0.154895346 20.046878720217933 0 91.09976455771911 -60.0090525975605 20.111346925317463
0.15494451 20.087663468431085 0 100.75610479553335 -61.48812046099693 20.11210164771986
0.155057049 19.980536378602164 0 99.25358285326055 -60.5903025843496 20.113828407625856
0.155123701 20.29011456556836 0 91.08822710921568 -61.47408569006478 20.11485054256965
0.15526261 20.103250219486977 0 99.06589697026877 -60.90574040691364 20.116979452912318
0.155449025 20.04425621316433 0 96.38790002126579 -62.221006825514365 20.119833650041798
0.155497918 20.079963367921195 0 98.88349630533169 -59.775562217215345 20.12058172209377
0.155594381 20.167291620766328 0 99.58485619015244 -60.47599330942501 20.122056981575984
0.155598621 19.93531974289246 0 99.30991718361834 -63.05773099941013 20.122121806577663
0.155685142 20.054050089952515 0 99.32432188876534 -59.665814667754574 20.12344425952696
0.155738388 20.10265358911916 0 95.19038610359905 -59.519821473147104 20.124257771689354
0.155767589 20.123159959894085 0 99.63770747307068 -60.447404779123026 20.124703805398337
0.15581040699999998 20.009390754446105 0 99.1858146367617 -63.035518968328255 20.125357692551276
0.155997969 20.10573403441469 0 100.34466735818368 -58.949396607408026 20.128220039542445
0.15615839 20.214945123730732 0 99.15224353692598 -60.69211360297001 20.13066565044449
0.156188542 20.030216777606388 0 90.39739367355192 -60.939374652195475 20.13112505501898
0.15629511699999998 20.095427400183834 0 95.77489048395205 -61.78133872961633 20.132748200662924
0.156376847 20.12863284724006 0 100.61434896394381 -58.793080812663405 20.13399225665005
0.156835962 20.045384116345705 0 98.41558505884696 -59.63040882633733 20.14096945439084
0.157442889 20.07360622471635 0 93.24973219883915 -61.21486761167426 20.150163820339067
0.15755606 20.130555289911946 0 98.9186571973877 -61.030483202733386 20.15187460093621
0.157726216 20.096207621289395 0 92.00558388795 -61.164937475160215 20.154444658398962
0.157820522 20.19890831767556 0 96.2681240299012 -58.01866863548636 20.155867956143922
0.157850155 20.109930752589648 0 97.7188345931893 -62.04159001300388 20.15631502377729
0.15792909300000002 20.02830068133184 0 97.82681287918821 -61.97750554399522 20.157505565614965
0.158039696 20.189104967514304 0 98.38941251415676 -61.21251289122976 20.15917274674908
0.158103489 20.179511487570732 0 94.44234138745176 -61.220192672842686 20.160133840487656
0.158166295 20.223685504025493 0 94.79681595945179 -57.974246433335296 20.161079711566803
0.158174275 20.168698589495584 0 91.9928340982685 -61.36847071902485 20.16119986694032
0.158271 20.09286669816908 0 93.4488509905472 -60.00047930242732 20.16265581281331
0.158454054 20.17049286813614 0 99.00305679388113 -59.3973566712892 20.165408953309775
0.15855508699999998 20.189174459303647 0 96.44189787840156 -62.15529954966703 20.16692722616779
0.15861222 20.241471099081625 0 93.98199387920135 -61.016635123880995 20.1677853933441
0.158759342 20.145460298201517 0 96.00343017473664 -62.64987516233312 20.16999391770292
0.158844539 20.33798018598457 0 97.04425912661492 -62.00780979921046 20.171271982812797
0.158948986 20.273668623612565 0 96.34857421149736 -62.17075018254016 20.17283795227936
0.159608578 20.19596581361716 0 93.76431169418531 -61.33134757639135 20.18270511650832
0.159843185 20.171525949966128 0 98.49818197878021 -61.210513897298696 20.18620556912099
0.159866121 20.175627448529344 0 97.46928966853709 -62.30929885640201 20.186547528926976
0.159972355 20.22612312117321 0 100.34384751244706 -60.325641784591895 20.188130808600175
0.160132819 20.23099874179385 0 92.242713803658 -60.148225264093064 20.190520461347905
0.16031968800000002 20.208079621428197 0 98.09553868859165 -62.89435274995756 20.19330053357632
0.16036792800000002 20.21850242359607 0 98.3186766618647 -63.053577778098095 20.19401771596705
0.160550952 20.21107450770263 0 97.51951273823164 -59.71847297408504 20.19673690256496
0.16069930300000002 20.029334596192935 0 98.66503575666971 -62.30928168701042 20.19893883648021
0.160734096 20.279066749048766 0 97.50720808358231 -59.962083941286686 20.199454985721232
0.16079002 20.154158193101228 0 90.52234672820593 -60.64966402492199 20.200284392520217
0.161096511 20.026671221677493 0 98.1298592155255 -58.87660024113421 20.204825187459058
0.161261084 20.101705027970468 0 100.1491889039282 -60.35234823143297 20.20726009031092
0.16126236 20.243478365635067 0 98.72629327247543 -60.80074327512294 20.207278960046754
0.16127434 20.184131095882467 0 94.94734394959407 -59.41311146429465 20.207456115838013
0.161526007 20.215164606790854 0 99.51486246575227 -61.307611724177825 20.211174846111483
0.161539345 20.19257269216561 0 98.01374113106584 -59.65723512241952 20.211371783153602
0.161586469 20.181274410865672 0 98.30582419489828 -59.921207423956396 20.212067453072
0.161818149 20.233149151090945 0 98.22170028715871 -60.18685718055604 20.21548489512716
0.161838466 20.293648129509037 0 98.79000223285881 -62.763465946703356 20.215784367924307
0.16188581400000002 20.149115138997427 0 99.27096234222128 -62.6312925020091 20.216482142221302
0.16222002300000002 20.23187860231332 0 98.34729191040041 -60.14827034738062 20.22140203478816
0.162221062 20.16617769388922 0 100.3666314928463 -59.38886758754594 20.221417315202995
0.16236696 19.977675322332235 0 91.1135612180504 -61.17735481979961 20.223562111294978
0.16245856 20.181559000019423 0 99.41157387326727 -61.40441824386211 20.224907775184523
0.16253116 20.284619514228662 0 99.53758216479672 -61.364639459958894 20.225973815305775
0.1626037 20.077340875543154 0 99.0530767190834 -59.000886876150254 20.22703853203971
0.16261598 20.24193083039525 0 98.69787604503901 -61.245189169436294 20.227218729846626
0.16262843300000002 20.219192123950997 0 98.9349854465016 -61.53436139914928 20.227401453343198
0.162768842 20.175289102463047 0 99.40987687822836 -62.06978642527292 20.229460781402988
0.163259444 20.08394574907151 0 97.67385622103107 -62.62441869382587 20.236643312027923
0.163362175 20.282873717844875 0 100.99617610063456 -60.63606678125452 20.238144775837732
0.163476864 20.14139642347045 0 100.20173649489165 -61.927959097396666 20.2398199744563
0.163555094 20.274275020535892 0 93.40603825818995 -61.8707445658313 20.240962009663914
0.16357450199999998 20.208760725914768 0 98.29942486857566 -60.233696432856966 20.241245257339028
0.163707077 20.1381327639628 0 97.03024466670456 -61.16065952977278 20.24317927127305
0.16373151800000002 20.110532872864198 0 100.18663432198393 -59.506415325761616 20.24353565934938
0.163750288 20.282334778256537 0 99.09269195886186 -58.29886087904563 20.243809321769916
0.16390442800000002 20.13171989319555 0 98.90847462747827 -61.29529068049576 20.246055545727526
0.16392883 20.296351493674067 0 99.28668260659352 -61.34036213220191 20.24641096670076
0.164252846 20.1464139792488 0 90.83239985378876 -60.47468898109784 20.251125678648116
0.164300831 20.11088873093578 0 98.08904036628545 -59.756288775435245 20.25182316627797
0.164456426 20.166182427331066 0 98.93135078380077 -59.57265751623075 20.254083520441
0.164665464 20.282524593485714 0 101.23744508392905 -59.514499338553584 20.25711712114715
0.164994345 20.310543059675396 0 98.46698651754022 -59.20006026508627 20.261882665374245
0.165147415 20.298642225783887 0 98.34606167956645 -58.93781578828186 20.26409766537287
0.16518132300000002 20.148200773974327 0 97.12985523507669 -62.198881810683496 20.26458807292569
0.165189734 20.20341378302778 0 94.96003627139729 -60.63168010987717 20.26470970577384
0.165362775 20.36136275046321 0 95.66325320433322 -60.35660031696205 20.26721080294298
0.16541895 20.2816565092266 0 100.61962500127464 -60.150209615186405 20.268022221020374
0.165594455 20.32317275719953 0 99.11665858921512 -60.07988278460678 20.2705556480578
0.165754803 20.302598361946607 0 101.45588313966888 -59.66596388019471 20.272868101315037
0.165873605 20.172727118930297 0 101.04126392843271 -59.552578928774516 20.274580059403306
0.16593940599999998 20.268239379235357 0 99.43514233105734 -59.97504058901303 20.275527773106987
0.165941198 20.395574025313607 0 98.53384650662319 -60.18583518831007 20.27555357790269
0.165964093 20.160015656322926 0 97.64010553566573 -58.24189288796807 20.275883243050217
0.166028695 20.291273193770394 0 101.43200006277469 -59.5591410263297 20.276813219455853
0.166065322 20.199844807760325 0 98.69541147960811 -63.25229204298471 20.277340333054024
0.166312685 20.228909463613263 0 90.7086684415772 -60.67845615708997 20.28089740430537
0.166552898 20.210932178944823 0 101.48175789829719 -59.864599043165576 20.284346954844047
0.16656227699999998 20.23839761510364 0 93.07620703404069 -59.98865523279086 20.284481547035828
0.16663720099999998 20.38557161449381 0 99.77002637493055 -59.96233976454706 20.285556481865186
0.166655834 20.38059267271294 0 100.642107600766 -59.55092449945796 20.285823739806197
0.166697238 20.21531520645349 0 92.50899575625179 -59.95472169088727 20.286417508671885
0.166708823 20.248420147350505 0 95.81729082712214 -59.7642650167459 20.286583622960702
0.166720717 20.188104994643272 0 99.12302659389023 -59.779465818077504 20.286754156756498
0.166727038 20.263663600903033 0 96.68837821191336 -60.80266521638932 20.286844781389643
0.166727038 20.081392504001645 0 96.68837821191336 -60.80266521638932 20.286844781389643
0.166755887 20.150694085097552 0 100.97721644844349 -60.73631220561242 20.287258351037615
0.166815535 20.388214544782578 0 99.20659315447244 -59.971863852747184 20.288113234012368
0.167029397 20.300421582763647 0 98.37142944546952 -60.22175052820052 20.29117599838575
0.167095531 20.315160413017768 0 98.16082790230644 -59.46794268577067 20.292122379966763
0.167114876 20.47129733148801 0 97.11537431987328 -62.908369864148156 20.2923991422846
0.16719971 20.321990642220708 0 101.62214997087143 -59.33816680374283 20.29361248187005
0.167215742 20.270266120263255 0 97.54665686144205 -57.85262831049585 20.29384171550772
0.167300298 20.083071072991203 0 97.20033310784291 -60.27970004136011 20.295050402036818
0.167460379 20.306798400179016 0 98.58407122128105 -60.07735826536739 20.297337127196425
0.167492007 20.28014072160595 0 97.18455429366651 -60.73303484510081 20.297788686495405
0.167503875 20.33672729696169 0 101.37133959979258 -59.64491922764954 20.29795810786339
0.167522914 20.156772891614622 0 96.85547570939795 -62.61630846354678 20.29822987537761
0.167545479 20.295685356038245 0 100.54016384070749 -59.760640842139594 20.298551936739308
0.167592169 20.329779943912218 0 98.23075818873293 -62.296389474425744 20.299218196744615
0.167655382 20.352419433841654 0 97.14204268467334 -60.345902952425746 20.30011996289723
0.167669269 20.216663909926986 0 100.74271799564123 -59.588740749249546 20.300318025801683
0.16784249199999998 20.310106919015546 0 99.02928107664349 -59.427061832768004 20.302787333097534
0.167858388 20.322225581568624 0 96.71082227028884 -61.066531769407646 20.303013813150624
0.167870305 20.252569762367173 0 101.87865814914127 -59.460950952927554 20.30318358888002
0.167893545 20.277788269890426 0 101.84057391509424 -59.39154762682002 20.303514645690253
0.167950672 20.26468937037238 0 99.00549432707514 -61.350568752594995 20.304328246230977
0.16796665600000002 20.352322880309085 0 96.47419860191074 -60.99339727592996 20.304555843698235
0.167992815 20.302799572704803 0 96.97367188589584 -60.490742061155814 20.304928280390225
0.168002987 20.254612559322855 0 99.29594690789644 -61.25212475206583 20.30507308888181
0.168018392 20.34249447778436 0 99.24864252532278 -59.9405892298178 20.305292378796533
0.16815908699999998 20.222732530062217 0 97.78087689405831 -60.15393460710005 20.30729430559118
0.168206272 20.259317482308553 0 101.08638868484108 -59.427582907421616 20.30796534491897
0.168251857 20.28015030090032 0 99.98800926660186 -59.03056383202305 20.30861346380756
0.168453187 20.139295128628735 0 99.25531457317348 -58.78545461239999 20.311473985146566
0.168454012 20.332267822482496 0 91.23689002392379 -59.82707104646657 20.311485700310513
0.16845719 20.208710659900607 0 97.07504485703545 -59.81883966038161 20.311530828043786
0.16851087 20.302178138150413 0 97.2942670243744 -61.48132772286835 20.312292966780984
0.16852942199999998 20.21201087581893 0 95.46964554796192 -61.812527436735046 20.312556312197014
0.168611581 20.31585843328789 0 98.28700796329844 -61.48640811073168 20.313722234497714
0.168789695 20.36140245788945 0 97.10280812784416 -60.131804337943656 20.316248047099922
0.16893126600000002 20.259731947596734 0 96.1130416699326 -60.18207812856953 20.318253881988877
0.168989434 20.432429296119796 0 97.12606213912159 -58.196157505663855 20.319077576934315
0.16902604100000002 20.262830932976133 0 94.95458552955398 -61.25612647331295 20.319595819697494
0.169037701 20.276720315565537 0 94.4295126007997 -60.17201896352082 20.319760867611027
0.169047371 20.329556613114182 0 98.13704364932042 -61.62295927142888 20.31989773894585
0.169053593 20.31716626510729 0 101.961127038927 -59.52256904133525 20.31998580267411
0.169072253 20.4505241705078 0 95.63402639811069 -61.768919348593975 20.32024989087939
0.169083937 20.27624850356724 0 97.39412115810192 -59.86657328078938 20.32041523650231
0.169147678 20.342380423411875 0 94.90164772036036 -59.45546405034163 20.321317077630226
0.16915988399999998 20.400073249282134 0 91.88976576433251 -61.320769962205155 20.32148973850202
0.169227225 20.381577031110865 0 95.80286777914402 -60.60620230484084 20.322442107527216
0.16924821 20.386092565014128 0 96.7638127288947 -61.057994640097974 20.322738815597123
0.169260427 20.3634109594196 0 95.47511658793994 -60.15278911366456 20.322911536690707
0.169278627 20.39834095583934 0 92.43760546494491 -60.07287857532631 20.323168822561765
0.169321815 20.3748961941522 0 98.02338031692992 -62.366543079534495 20.323779250611857
0.169342605 20.42890157489269 0 94.59115495290241 -62.08977992055966 20.324073049158205
0.169370532 20.42890059515664 0 95.61922575271562 -59.86696499342311 20.324467653081687
0.169441783 20.299386281589022 0 98.0776617899596 -62.09654502860278 20.325474144212876
0.16963376100000002 20.195859739386094 0 94.00122600888471 -58.93091255545259 20.328184068327197
0.169728972 20.477321025968916 0 97.68657852492329 -60.658406911696346 20.329526991494955
0.169735049 20.2312935092888 0 97.98823014525557 -57.84086605632884 20.329612682031165
0.169743404 20.361923296874064 0 101.24604065119965 -60.031926539039446 20.329730489527247
0.169791902 20.32442562114811 0 101.36065736145687 -58.97223368152158 20.330414216540515
0.169866488 20.276889732403145 0 92.19030355214291 -59.798729640752704 20.33146537937311
0.169873202 20.355700346308453 0 102.49920567759192 -59.01698836093317 20.331559980748253
0.16998533100000002 20.249961523684398 0 97.61624076575819 -57.963441551220924 20.333139383781322
0.17002017100000005 20.428413532916647 0 95.37080745324994 -60.46457379218867 20.333629928629342
0.17013481600000002 20.38529286112223 0 94.58229381109672 -60.848828147229284 20.3352434635358
0.17014338899999998 20.159374139905893 0 95.77179437398986 -59.653494574993836 20.335364080928862
0.17017997899999998 20.37796657768068 0 94.31109741636615 -58.34086845848648 20.335878818634214
0.17022366600000002 20.29595503927655 0 98.06761064892432 -62.77343070833534 20.336493260277667
0.170300252 20.369791993317374 0 92.4399516601988 -60.31445193599122 20.337570060887558
0.170349849 20.1971137910214 0 96.14138137016577 -61.86495150441653 20.338267155688357
0.17038555100000002 20.414481844003014 0 100.49979658850408 -59.09066659737315 20.338768837059
0.17039452100000002 20.303148198140942 0 96.30620449227284 -60.686509007588604 20.338894867362736
0.170408388 20.30157701579717 0 94.47741266860471 -59.229317131387894 20.33908968937356
0.170416918 20.364365042406327 0 98.86255356551304 -61.10922539114275 20.339209522813288
0.170650904 20.4164620639646 0 98.25771473687195 -62.51892913554308 20.342494497125333
0.170726829 20.243494701346048 0 96.81762656353091 -58.06934270038062 20.343559523738843
0.170876867 20.298716947958503 0 98.28121834336214 -62.19898409636389 20.34566286634207
0.17088190399999995 20.280194943681487 0 96.84636361850329 -59.98789142084085 20.345733448932855
0.170920507 20.339495556457802 0 91.58584950650227 -60.824261752446674 20.346274321801502
0.17112376 20.252276856336398 0 94.29430554458565 -57.910759307037104 20.349120262337227
0.17120648800000002 20.45256049436103 0 99.07071830358345 -61.217890055654564 20.350277717636637
0.17121137399999994 20.467043439149045 0 94.76781751802164 -61.08208991434396 20.35034606187937
0.17121428600000002 20.366947970973055 0 98.58164712406644 -62.84191137281772 20.35038679340321
0.17130564199999998 20.370582946631533 0 100.71150012510877 -61.113837531561316 20.35166430645148
0.171377625 20.29042651871601 0 99.1095453375667 -60.78313785458931 20.352670463799477
0.171569538 20.4939666129088 0 96.89599112219187 -59.9273966158845 20.35535105073323
0.171580297 20.34008755573225 0 99.03766347004604 -62.98594648109921 20.355501246978573
0.171627423 20.29117159864136 0 93.32822079421456 -62.046921099671536 20.35615902554518
0.17174611 20.401659782991842 0 101.23470912120644 -60.68641608203768 20.357814900325295
0.171798347 20.282844534594425 0 99.14363043774868 -63.329104899879255 20.358543353829774
0.17182719100000002 20.283024363460953 0 94.659408396428 -61.538085482217554 20.358945499981196
0.17184251 20.374694341132034 0 92.72645216615535 -60.95955003803319 20.35915905363873
0.17193103199999998 20.410902266767426 0 92.55411714241137 -60.91344512139997 20.360392743452753
0.171957265 20.338499669949858 0 93.72457491853554 -61.940265517030106 20.360758227231
0.17211542300000002 20.344457360903515 0 93.1833517702034 -61.23808508278493 20.362960621891727
0.17233679999999998 20.296826873062688 0 99.09854007301077 -62.00408991213578 20.366040204713997
0.172564183 20.26877445803296 0 93.80811896793706 -60.751772025677106 20.369199515311863
0.172588328 20.384294499411432 0 94.8270540357038 -60.68347248042206 20.369534764317788
0.172700995 20.383852424389644 0 99.83213467402918 -61.64506561085041 20.371098549952713
0.172754086 20.472846194406774 0 95.1294481390332 -59.53564033064172 20.371835109469053
0.172871235 20.307924128942155 0 92.19906208556431 -61.12340436902768 20.37345963621156
0.1730904 20.407241939663987 0 94.37510601986686 -59.79663031932714 20.376496094576193
0.173303658 20.34001719843424 0 92.20377837967204 -60.26083694873069 20.37944728868284
0.173336215 20.43216456974935 0 94.11057713079536 -61.49523888595685 20.379897535589997
0.17334101100000002 20.379982490837246 0 93.17358727333564 -60.13681959260743 20.37996385521861
0.173517096 20.21095385626591 0 94.6083888297458 -58.18713228598207 20.382397599738397
0.17391599 20.20512871710917 0 99.12850500130472 -62.14096631262661 20.387902411330007
0.173968973 20.36363749379928 0 99.48973731293906 -61.52186485001952 20.388632704597388
0.174067645 20.325012805133763 0 93.69303787575308 -58.66226919686277 20.389992203858768
0.17407549100000005 20.319475625617308 0 100.25238243987906 -61.23372792722471 20.39010027505753
0.17416489 20.443956240903915 0 95.96624640036356 -59.2032538570031 20.39133134219757
0.17426844800000002 20.37695367394427 0 100.7387925625222 -61.1703385284101 20.392756652471963
0.174282126 20.241288754786492 0 100.3516247930212 -61.68066525076049 20.3929448494857
0.174822067 20.298729714713996 0 99.42615808911378 -59.96923677217399 20.40036302226046
0.17484086 20.483222034112686 0 95.39081680952593 -61.64538837199851 20.40062083345995
0.17513872800000002 20.486361492892378 0 97.06436760341772 -61.548769276776284 20.404703695668832
0.17528864600000002 20.59753355860804 0 100.55261113074064 -61.65358526490504 20.406756176838595
0.175423565 20.360986638176875 0 100.21497609408634 -60.93680687813904 20.408601918931662
0.17548825399999998 20.356089617701613 0 100.12733438509184 -62.20689195457502 20.409486421274934
0.175564495 20.373730149709534 0 99.12074275134405 -59.91876194840505 20.410528487443887
0.17567336 20.605292493690712 0 98.20897312176963 -62.74401822537406 20.41201573247984
0.17600026300000002 20.272252317722817 0 98.1255254882994 -62.714272544988184 20.416476540483956
0.17606897 20.367350679336838 0 99.37713004469231 -60.370427060313546 20.41741311509368
0.17607758 20.417829577904147 0 94.31822516764609 -58.64842652576951 20.417530457784952
0.17623374600000002 20.50342287928891 0 99.12043695339594 -58.550676946478895 20.41965786619718
0.17634681600000002 20.378600026135846 0 95.15295481191036 -57.56898511871441 20.421197097570325
0.176366771 20.33806451254419 0 99.38765997686266 -60.362384906003335 20.421468651577033
0.17656403 20.459298098330606 0 97.37374396126543 -61.88243533724044 20.42415148216696
0.17670143800000002 20.46657087431805 0 96.3079134427241 -58.52012976096579 20.426018663391755
0.176735401 20.49064230279481 0 91.30811990688656 -60.391713466445104 20.426479965078027
0.176753804 20.48479639343607 0 93.63145630801789 -58.35012090254201 20.426729889054226
0.176762127 20.41682165620812 0 93.2389690089094 -61.972340813975755 20.426842912546984
0.176766174 20.46935738232576 0 93.8622420377496 -61.27855926929468 20.42689786763828
0.177078347 20.437921429106463 0 92.07253908861158 -59.37892372758933 20.431133418421755
0.177108347 20.40522312642052 0 99.12403447855772 -60.20204209077849 20.43154009226193
0.17718505 20.32092510491484 0 101.8321905442983 -59.939714592758676 20.432579571846684
0.17731018 20.422479374820593 0 91.40314182013037 -61.05359716285415 20.434274438711128
0.17734194600000006 20.36979961468138 0 92.36983605238858 -61.88391785933647 20.43470452774217
0.177429296 20.366930338463376 0 93.88120729897531 -59.14314085302034 20.43588681618355
0.177458548 20.488319917059158 0 100.72303485416306 -59.53282859069001 20.436282623379626
0.177461345 20.333919789382264 0 96.35182799386897 -59.00876888530275 20.43632046626143
0.17749963300000002 20.399729281725033 0 93.39105363892608 -60.09205613844996 20.436838440044912
0.177595012 20.43952312642513 0 97.05317069823151 -58.83172184606682 20.438128310732502
0.17761495300000002 20.396072515265136 0 101.7113959528262 -59.51110827295433 20.438397904287225
0.17765184399999998 20.626684673400614 0 100.5913994768435 -60.185048884077986 20.438896580372873
0.17791394 20.44178248045894 0 95.06116998244649 -57.53232242625805 20.442436713893866
0.177951463 20.325762440841967 0 101.27534542397406 -59.09144871624546 20.44294314150496
0.177997486 20.450882452259407 0 92.2710975886952 -61.82278265916294 20.443564153764747
0.17804518800000002 20.4989982691602 0 97.74756510422873 -61.12060709714383 20.444207664458066
0.17811697199999998 20.45576229430847 0 100.86863031761769 -59.544019269502115 20.445175745367575
0.178117475 20.366788108527246 0 98.53031205705544 -59.02969265265227 20.445182527561766
0.178363804 20.39629134343132 0 92.72304924530918 -61.24269620615354 20.448501768609507
0.178458791 20.407904649721967 0 94.3468201042371 -57.180769005968024 20.449780566255342
0.178610695 20.396035142019386 0 97.66770677545988 -61.81080439964289 20.45182431845907
0.178696776 20.444595582436666 0 100.46744756085873 -59.472429324689216 20.452981756926125
0.178951783 20.50558446503464 0 100.15842824574342 -59.332760340660755 20.456407528530946
0.179129722 20.475542282577386 0 91.26719306906752 -61.541767489401515 20.458795285276945
0.17914675100000002 20.398326636733735 0 100.17249836370407 -59.380937776490114 20.459023681430846
0.179185975 20.33506659656595 0 101.08661410246691 -59.8170329673266 20.459549684505426
0.179259677 20.41690616634348 0 93.74578969580946 -57.44152783759258 20.460537756884445
0.17927749199999998 20.576684361535413 0 90.97086293950287 -61.42879166958972 20.46077653387766
0.17927939699999998 20.483370157887283 0 96.39359211451892 -57.54079116801344 20.4608020655627
0.17931591 20.460394945863236 0 95.93814131280504 -58.067443271580665 20.461291380936338
0.17937505 20.453763287947066 0 93.32273917866031 -57.86481631273202 20.462083727607318
0.179577997 20.642868866643703 0 93.22497195691544 -57.907693759128 20.464800932518585
0.179600013 20.481734190353784 0 98.96895435985296 -62.291389684266434 20.46509552779462
0.179943305 20.518770653841504 0 100.16712082215237 -60.49754567347476 20.469684777907744
0.179975788 20.48969184325652 0 92.93069699827484 -58.515854983807756 20.470118601670066
0.180027415 20.313230391850407 0 93.01168524957909 -58.06032394654471 20.470807951998424
0.180149145 20.566226227832974 0 99.3207586246992 -58.58787026870037 20.472432628273705
0.180209878 20.581117265948166 0 99.91429246837762 -59.884640310631355 20.473242824032685
0.180241585 20.39185690690568 0 94.32381145035387 -58.74102221022597 20.473665703972184
0.180253725 20.54729249319247 0 90.66889355099752 -60.424259286481856 20.47382759829869
0.180278659 20.55277158523348 0 96.79462661383009 -57.682707049979754 20.474160076734496
0.180305567 20.55696272474372 0 100.4403608993564 -60.683391634161005 20.474518829321013
0.180368303 20.535214920025748 0 92.83331614337018 -59.701953364207895 20.475355068172714
0.180471068 20.65136598282081 0 100.2700694152799 -60.949073368391005 20.47672429057135
0.180561657 20.429911629764216 0 95.29567404896886 -57.28648431396629 20.47793068269888
0.18065772 20.344265666940075 0 100.50712155628521 -59.445548563422214 20.479209360215147
0.180666181 20.4193629150402 0 99.9752733222034 -60.529454021487595 20.479321952869306
0.18071302600000005 20.44230059828589 0 100.7669307033249 -60.65507437499263 20.479945242600614
0.181022701 20.410857285373503 0 94.45958392533136 -61.09435662986736 20.484061816168662
0.181091769 20.49328999033348 0 94.72597047296381 -62.48692160602229 20.48497906068774
0.181401942 20.48467676030301 0 94.61573963404156 -58.72718964071086 20.48909425956818
0.18155898 20.5555024721206 0 93.69671342632904 -59.03589523014036 20.49117526337893
0.181695268 20.45431535326361 0 93.10503100438356 -61.95642469854194 20.49297994445665
0.181705377 20.483342812500013 0 96.9706961759387 -61.23398675288168 20.493113754523247
0.181762419 20.48361681926693 0 97.50649947194721 -61.521909242921524 20.493868674544128
0.181768757 20.45706225177981 0 99.61195633404208 -61.375089230949705 20.493952540987717
0.181782258 20.58804591980268 0 92.54572745633932 -61.04136902419789 20.49413118150066
0.181827197 20.593741464691746 0 98.8900684580104 -63.30612283802269 20.494725710042264
0.18223453 20.44505277724476 0 92.67860897648548 -58.843356051172975 20.500108390189226
0.182304688 20.48686802294155 0 92.99622429559864 -60.562311806795385 20.501034363172746
0.182420353 20.58158040746658 0 98.37709271800686 -61.855920839472226 20.502560234509
0.182448363 20.45711263321376 0 92.69015149022532 -60.759065671070424 20.502929612051783
0.18250092 20.54455672317096 0 98.36670433629291 -60.13196913684007 20.50362255752496
0.182530367 20.40800726724792 0 97.05755904338957 -62.944863437622395 20.5040107249602
0.182568256 20.63736759542702 0 91.76948616284905 -60.93674809926277 20.50451008861388
0.182615854 20.56593820254337 0 89.6514455566257 -61.331158599164475 20.505137277333354
0.182617274 20.55932584517501 0 97.46293339636343 -58.18788464515925 20.505155986043306
0.182629065 20.481213737634924 0 99.10877391380686 -59.49135843255592 20.505311329003092
0.18262926 20.53470647242453 0 93.72596681554717 -60.68622999386254 20.50531389799264
0.182733627 20.50120267381825 0 98.89733912619492 -61.10171475083701 20.506688495991344
0.182744203 20.492297901430078 0 98.1246803144228 -60.459225176557275 20.50682774987285
0.182746809 20.436714657306027 0 91.07100941694608 -60.52510086508718 20.506862061851177
0.182828284 20.560423337081968 0 98.11502811246568 -62.43591036068711 20.50793457622886
0.182841598 20.52138316562865 0 98.15175198064901 -60.299858392721994 20.508109795929094
0.182850173 20.7611544331399 0 92.41092168126848 -59.751837881822794 20.508222641472504
0.183050844 20.56467032551188 0 98.0594488496748 -58.92932517106083 20.510862038122703
0.183079069 20.504127473246058 0 98.26323869996716 -63.1381982817607 20.51123306230087
0.183116196 20.48407912871444 0 92.0681891709572 -60.44920489404048 20.51172102460516
0.183139645 20.47674253176372 0 98.84323260124418 -63.03578038869675 20.512029168918453
0.183324502 20.449009627775627 0 100.24045547252035 -59.458434507366704 20.514457102964094
0.183328839 20.3503990268608 0 97.53642170690917 -62.598110611020346 20.514514038394683
0.183332954 20.647545011504732 0 99.35593675809824 -59.26685930925639 20.514568058291182
0.183371355 20.599513143622627 0 99.50279546121378 -60.8241933961553 20.51507211543121
0.183451175 20.5014203617304 0 98.0132657276351 -58.90800409352618 20.51611953145872
0.183460372 20.709231687848003 0 95.7176730140989 -61.13121137839531 20.516240189425424
0.183607796 20.4748873730798 0 91.69782870781499 -59.59247235730898 20.518173520546515
0.183618115 20.736331908181782 0 97.97575472767922 -59.18812646857168 20.51830879092419
0.183618192 20.693763433465925 0 97.59685618617048 -58.46287967603811 20.51830980028031
0.183643617 20.498268116255343 0 99.84797460722605 -59.858092741167056 20.51864306297873
0.183658464 20.494683632957717 0 98.72582995878231 -62.193092198370174 20.518837652889008
0.183733635 20.638238667203023 0 95.0510780317627 -59.8346397878815 20.519822646258714
0.183755119 20.36179831375289 0 97.57580211360008 -60.48655831065373 20.52010409041668
0.183882697 20.404415638815614 0 92.49919394760728 -61.03240976124264 20.52177475654289
0.183905058 20.526693359739088 0 99.94575163568173 -61.11565995983202 20.522067468834496
0.184046276 20.492156225216167 0 98.49325782600441 -63.21672593966889 20.52391529382982
0.184179599 20.41464725383099 0 100.51914877354456 -59.79849247652922 20.52565860799021
0.184197811 20.69841188920332 0 95.07708828915464 -59.69391956896537 20.525896654932218
0.18425468600000006 20.54846793468488 0 97.8502550673208 -59.91970593960907 20.526639921071347
0.184293098 20.598018496530358 0 95.93593035735356 -59.1293236499341 20.52714178477184
0.184437924 20.45211539558122 0 97.44825382802946 -58.59180102320549 20.529033106292953
0.18464568 20.677385895755137 0 92.48807979873895 -61.762497559197215 20.531743845717298
0.184701146 20.48328669489316 0 96.89392812666271 -62.76225004306056 20.532467071811954
0.184768488 20.443238283227032 0 93.75635563478944 -57.389067222605235 20.53334487966195
0.184858888 20.55586739912357 0 95.08932671597384 -61.690069045741815 20.53452278421589
0.184937583 20.591425024166746 0 97.64926848064577 -60.14453970102353 20.535547739090628
0.184958756 20.463204113922178 0 95.31849110027069 -58.61245047874246 20.535823435639816
0.185016676 20.590599924797456 0 97.83845185555349 -61.58923390233686 20.53657747054121
0.18523446 20.60184217042754 0 96.01060178635636 -59.22250382845458 20.53941074817605
0.185283163 20.480295945912246 0 97.22766479882948 -58.12599189110018 20.54004393125413
0.185288487 20.66834241656332 0 96.85789189611529 -61.03877649310549 20.54011313872159
0.185348874 20.621120966273416 0 92.41194549574458 -58.90499546146381 20.54089798936408
0.185360049 20.56415287464357 0 94.59793846355772 -61.82168251071322 20.54104320500744
0.185436218 20.43204533140054 0 96.57615175638071 -59.00051347935315 20.542032781408263
0.18551207 20.576503642426587 0 98.42004401267128 -59.416524523818474 20.543017865185984
0.185547105 20.510553877758678 0 98.58499818919714 -58.82518538053358 20.543472735901737
0.185600417 20.501455227737686 0 93.72036370474078 -61.639839417838424 20.54416475015061
0.185604391 20.468012358227828 0 91.37674767102502 -60.170374925700855 20.544216327119752
0.185637249 20.604432185364352 0 99.64040416740427 -60.944516748738906 20.544642738863327
0.185704287 20.677191747689783 0 99.20714269854535 -60.580357262169215 20.54551250164813
0.185715586 20.57311650469596 0 99.0435645191926 -59.21833327148621 20.545659068209694
0.185998026 20.424533162077207 0 95.97555002302872 -57.92895279029044 20.549320096380487
0.186048479 20.608639494232303 0 94.55192824947143 -58.47228832346777 20.549973533200355
0.18621892 20.531122141376244 0 92.0662610310443 -59.086104216542644 20.552179768777762
0.186311537 20.62436962017613 0 99.41445625763521 -60.84391456965718 20.55337784453833
0.186316196 20.497333685956317 0 91.9828576627325 -61.65769301797074 20.553438097892197
0.186323867 20.625972235394517 0 92.41229811297396 -61.86403626453418 20.553537301435643
0.186355431 20.581868150487963 0 92.12954085719791 -61.028840531563304 20.55394545620652
0.186540331 20.46958140559289 0 92.44518814172106 -59.64938762168063 20.556335116455028
0.186676338 20.535274795940847 0 96.0152006944255 -62.05392771686469 20.558091479948853
0.186754823 20.470874864921893 0 93.11146863843271 -58.36164169748332 20.559104478061133
0.186760647 20.545195450926663 0 92.52090337880671 -61.99865786436527 20.559179632132448
0.186841837 20.52556547994354 0 95.63189702691423 -60.68676717756082 20.560227098242454
0.18698691 20.69043852970516 0 96.12812442457418 -58.55814719299929 20.562097696246664
0.187064638 20.61683272722353 0 93.88850347463048 -61.254648437700325 20.56309938235427
0.187143987 20.571516587335147 0 97.91161793798008 -59.542582346371496 20.56412156078056
0.187221206 20.4826787145636 0 96.41749403518342 -62.68396301833706 20.565115915044718
0.187234412 20.63753602052901 0 97.50651694152748 -58.507551266358206 20.565285931554214
0.187390927 20.54968759237236 0 97.37145214798656 -58.74507850479794 20.567300089368484
0.187404552 20.626625483556726 0 99.05618761950008 -59.32715327522517 20.56747535281914
0.187428378 20.52816107711058 0 96.26087026703058 -58.335846256649646 20.56778180716844
0.187473374 20.636366273244587 0 99.51608742244514 -59.274898020510996 20.568360455501963
0.187494976 20.47850502694432 0 92.70475892147371 -58.488184261731135 20.568638211409173
0.187554574 20.57073813478663 0 101.83339519080957 -59.22002110615257 20.569404361622954
0.187620483 20.629987005872323 0 99.91589334842621 -59.19866971157761 20.570251379097027
0.187651024 20.51269267778959 0 93.81378182440884 -57.33386745381711 20.570643777738685
0.18767602 20.650498503091406 0 98.14291426335319 -58.60464657777402 20.57096488877368
0.187686853 20.661511287713143 0 97.17915487379858 -58.62749420208164 20.571104042569765
0.187760596 20.512119477696626 0 94.38145907566357 -58.68114625161521 20.572051100390073
0.187772949 20.57447076593554 0 97.3102814847884 -58.794772205297114 20.572209712336754
0.18780006 20.565219270510624 0 92.69064684790592 -58.94377973006104 20.572557782439272
0.18780598 20.551024027652208 0 91.84587491706476 -59.84664856279066 20.572633781375586
0.187818524 20.654478352937208 0 92.23260138995235 -59.09764463792518 20.57279480962772
0.188113441 20.6282868116822 0 98.31323852163818 -60.984903327927476 20.57657781361762
0.188121587 20.623653978968683 0 101.8687968204204 -58.73714158040636 20.57668222724254
0.188368987 20.73335300129054 0 93.35071570810749 -59.48346677711772 20.5798513525128
0.188705119 20.57153739809327 0 97.99596318886185 -58.82081828314353 20.584150938970247
0.189045095 20.718283194032622 0 96.46478077614508 -58.637264471086596 20.588492486579664
0.189058478 20.59329786549265 0 99.36416700581414 -59.70807968649025 20.58866324166107
0.189104271 20.55913179492718 0 94.21845845613049 -60.905174637017964 20.589247434617914
0.189151601 20.59083201461456 0 90.89840310642384 -60.51918161975793 20.589851097815913
0.189380144 20.775581582912377 0 93.4305873423276 -58.14958104399303 20.59276404730784
0.189389099 20.816675569576173 0 93.47398498971228 -57.73852665802951 20.59287811911577
0.189390995 20.623864036467925 0 101.25032641167965 -58.53169219079337 20.592902270362046
0.189564802 20.5631127926886 0 93.0077341904434 -57.998927723407505 20.595115273344536
0.190029869 20.647631874678897 0 92.70229469151585 -60.260005638237416 20.601027526543245
0.190113217 20.67201525682656 0 94.8216561293182 -61.10210093681158 20.602085687998862
0.190114637 20.67479040053245 0 95.31628944570278 -58.150016299065435 20.60210371217546
0.190131357 20.710544083946754 0 91.91460825397849 -60.311727938260425 20.60231593113395
0.190224298 20.58833126973246 0 92.80134906407372 -59.73896635196973 20.603495271875328
0.190429628 20.691427858625964 0 93.45841346941212 -57.539465563065825 20.60609884145765
0.190526924 20.774360953068122 0 95.84095581339598 -61.674486424666036 20.607331640209406
0.190546928 20.59411703522348 0 93.26480862122351 -57.846583211328465 20.607585030661827
0.190667784 20.670295746584593 0 93.73617860976641 -57.380600641863616 20.609115388624137
0.19067128100000005 20.735376235751836 0 99.44104587503612 -61.29871081683529 20.609159656561733
0.190866026 20.61030512668626 0 95.39615071387807 -60.952754004847726 20.611623715172342
0.190986763 20.71847515869374 0 93.76111092970736 -57.1809857917457 20.61315020089839
0.191110953 20.646259244614686 0 93.12646553679389 -57.889518809552506 20.614719411315686
0.191427888 20.69268346955512 0 91.3322143345503 -60.52773630103698 20.618719788388145
0.191551949 20.676885664840785 0 93.51506768529006 -57.54675051087521 20.620284025946106
0.191773078 20.734028499509886 0 95.42320091592305 -61.391808194112905 20.623069832528348
0.191955333 20.508588566899096 0 94.49482104650394 -58.0135149698349 20.625363665835952
0.192019907 20.83125258817046 0 98.91244865202248 -60.905585801052354 20.626175900568715
0.192036137 20.789236193581115 0 97.29143208529928 -59.350831367247146 20.62638000751872
0.192294465 20.716579362610755 0 92.61349561293578 -59.615129964642506 20.629626568204745
0.192505168 20.64874230559111 0 96.09891923515242 -59.57224674547618 20.63227160946929
0.192596599 20.537396286779423 0 99.93242607087228 -59.533949388995865 20.63341854674143
0.19262384 20.748149836378992 0 90.72711342866995 -60.58432824946866 20.633760168388324
0.192637064 20.651679152787107 0 92.24039189444014 -59.97670987978565 20.633925990695282
0.192845921 20.63678798086569 0 95.00819568862013 -61.88267094467136 20.636543556073654
0.193140484 20.623133429298647 0 90.505280769706 -60.68962581341917 20.640230802249476
0.193222474 20.694340625570646 0 98.14122865207848 -59.83240818265618 20.641256201083106
0.193252564 20.593857290108645 0 96.54776731787916 -59.22539395229887 20.641632417317506
0.193478015 20.651287690188013 0 97.30606334698048 -59.69693026465242 20.64444951480153
0.193478458 20.527926404949294 0 96.05027074944242 -58.94261721651908 20.64445504726667
0.193572722 20.688576485225802 0 92.60625346080532 -59.80797498330595 20.645632009353644
0.19360890100000006 20.558743480379512 0 94.12783032509356 -56.95623958801258 20.64608359250268
0.193766719 20.6101623530734 0 94.72573087579924 -61.51770086704506 20.648052550236226
0.193766719 20.64703357431517 0 94.72573087579924 -61.51770086704506 20.648052550236226
0.193904901 20.59966560489045 0 96.77790583612305 -60.03855832615992 20.64977530847584
0.193974255 20.700902725835768 0 96.42039455874405 -61.04560555859547 20.650639538329035
0.194102024 20.69533834255084 0 100.04594477783344 -60.89710844694903 20.65223093724736
0.194353304 20.66144760544868 0 95.71686687632904 -58.912420583118276 20.65535787455249
0.194355259 20.645387322000037 0 94.24471724283052 -58.405605147935496 20.65538218797255
0.194370472 20.593574521864575 0 98.61153821907145 -61.94477151106474 20.655571377201657
0.194375161 20.64899005672454 0 94.5043937380488 -58.097202778932406 20.65562968695441
0.194585496 20.416048728176122 0 92.52889952718132 -61.91406525097979 20.658243956269363
0.1947546 20.67828503966384 0 94.27272827156641 -57.415206826771524 20.66034386687228
0.194846927 20.610369542732638 0 94.50151946334827 -61.729811637753365 20.66148965913549
0.195292007 20.695925591030928 0 94.7158162852262 -58.00981879220829 20.66700613197449
0.195376925 20.70110969868964 0 95.10295177500252 -62.270452922223164 20.66805731292488
0.195496342 20.792568160532962 0 91.69503070924593 -60.711238587443475 20.6695348343004
0.195711268 20.55980436077255 0 97.82774064839946 -62.09458604544837 20.672191965763613
0.195854553 20.63625412492496 0 92.61034728930261 -61.7589129521458 20.673961899645168
0.19589781 20.67333770689081 0 96.69053982809412 -61.94883314079347 20.67449599810216
0.196096909 20.695797764517785 0 94.85248538172992 -58.10604745058073 20.676952887157608
0.196279536 20.81390214767129 0 91.86390910325086 -60.57681016371225 20.67920448267692
0.196313551 20.677773233025167 0 94.83960851291546 -58.06700966295136 20.679623637112936
0.196450593 20.67669953683532 0 95.60915669665087 -58.35071395026318 20.681311675333745
0.196647489 20.74030614955495 0 97.24935594758115 -61.54034730508275 20.683735069460518
0.196839212 20.622377575074967 0 93.8277903826737 -59.26664391455832 20.686092638333967
0.197216598 20.79776822493645 0 94.83811632851419 -58.062006831463535 20.6907270586
0.197232046 20.726531846275087 0 101.16475756430842 -59.03051296820118 20.690916590137032
0.197278526 20.632720337078226 0 92.07303805973707 -60.54947421387607 20.69148677053047
0.19730552 20.637494981013074 0 95.13983369711828 -58.39381672276106 20.691817854834195
0.197524615 20.666086152581997 0 96.01779143364004 -61.19497101048302 20.694503529445356
0.197606563 20.78333240480132 0 95.49717712264166 -58.6387326397459 20.695507343050746
0.197684151 20.65709145785817 0 97.24466451142204 -61.63934040160748 20.69645739448421
0.197804447 20.82682187974907 0 92.19004193109005 -61.00097748304442 20.697929716178503
0.197905613 20.711026251216182 0 92.76072457850559 -59.693193524273504 20.699167261819987
0.1979226 20.757009353216212 0 94.7902256423552 -59.827384792002135 20.69937500338721
0.198122353 20.722131212798146 0 96.41549538408428 -60.41950956183229 20.701816635186837
0.198199748 20.865079102440962 0 93.6322482845245 -60.05286896539448 20.702762042037445
0.198352966 20.86732504935041 0 93.71076083195686 -59.8804934094265 20.70463264658079
0.198787189 20.735071699224 0 95.64313689092695 -57.74128044474632 20.70992672761538
0.198908094 20.758633979524628 0 94.91003782340313 -57.96370011688919 20.71139890736921
0.198933392 20.84923830738997 0 94.0958393469937 -61.21602720147718 20.711706839587308
0.199070978 20.860329309061406 0 94.80965012678028 -58.750659012686675 20.71338092957211
0.19910357 20.74495017416556 0 95.01227834989609 -58.09143362206107 20.71377733889379
0.199105067 20.663390779817792 0 96.30670680825386 -60.95524374293147 20.713795545133774
0.199117557 20.873717285365764 0 93.31519474034752 -61.51690418210878 20.713947441293612
0.199182197 20.813382858370076 0 93.92424208873268 -59.35137064549553 20.71473341483304
0.19918936 20.65872298916536 0 95.40000840628592 -57.762689792806654 20.71482049698033
0.199260028 20.669787167978093 0 101.49399290726944 -58.673676632101184 20.715679468024792
0.199261992 20.6395045045231 0 94.56005548442316 -57.192485748072244 20.715703336462852
0.199312751 20.612076070965642 0 93.80833498278305 -59.80427301224728 20.71632013373832
0.199330909 20.88909424291436 0 94.35897222119905 -57.22923498282343 20.716540745144048
0.199390611 20.79367257955484 0 94.19798904603157 -57.62131305102075 20.717265966192134
0.199478582 20.69746031513668 0 95.44146764141844 -57.429307192943746 20.71833421480097
0.199548627 20.57271788406056 0 96.03968492590977 -57.64496754280992 20.719184473090127
0.199727943 20.8129941906658 0 97.66667777024868 -57.99400894495788 20.721359887029376
0.199758442 20.735095378593506 0 96.51618857835123 -57.59162440166751 20.721729713045786
0.199781697 20.657724142935763 0 96.68590663031362 -61.018186797557725 20.72201166438976
0.199845196 20.63606858618003 0 97.67171750392995 -60.82558233938032 20.72278139281311
0.199923093 20.750691219765606 0 96.07838000118342 -57.44504659931596 20.723725343499122
0.19998372 20.756417406048765 0 94.825752659428 -57.622055916509154 20.72445978214463
