1.124999999999999958e-02 7.000000000000000000e+00 1.900857142857142745e-01
1.375000000000000007e-02 1.000000000000000000e+01 1.654000000000000192e-01
1.625000000000000056e-02 2.300000000000000000e+01 1.567978260869565266e-01
1.874999999999999931e-02 6.000000000000000000e+00 1.489333333333333342e-01
2.249999999999999917e-02 2.300000000000000000e+01 1.385326086956521763e-01
2.750000000000000014e-02 2.600000000000000000e+01 1.333673076923077017e-01
3.500000000000000333e-02 4.200000000000000000e+01 1.401083333333333347e-01
4.499999999999999833e-02 2.000000000000000000e+01 1.258700000000000097e-01
5.500000000000000028e-02 1.700000000000000000e+01 1.233647058823529319e-01
6.500000000000000222e-02 9.000000000000000000e+00 1.198444444444444479e-01
7.499999999999999722e-02 1.100000000000000000e+01 1.370363636363636506e-01
8.500000000000000611e-02 1.000000000000000000e+01 1.099799999999999944e-01
9.500000000000000111e-02 7.000000000000000000e+00 1.204428571428571432e-01
1.049999999999999961e-01 1.600000000000000000e+01 1.104062500000000113e-01
1.499999999999999944e-01 2.000000000000000000e+02 1.208425000000000055e-01
2.500000000000000000e-01 2.190000000000000000e+02 1.414363013698630156e-01
3.499999999999999778e-01 1.360000000000000000e+02 1.426099264705882330e-01
4.500000000000000111e-01 6.600000000000000000e+01 1.421696969696969459e-01
5.500000000000000444e-01 5.400000000000000000e+01 1.403074074074073807e-01
6.500000000000000222e-01 3.800000000000000000e+01 1.712657894736842323e-01
7.500000000000000000e-01 4.000000000000000000e+01 1.765537500000000093e-01
8.499999999999999778e-01 3.200000000000000000e+01 1.558984374999999867e-01
9.499999999999999556e-01 2.300000000000000000e+01 1.568434782608695843e-01
1.050000000000000044e+00 3.000000000000000000e+00 1.718833333333333047e-01
