#           k/h    P           
   0.100000E-03   0.432632E+03
   0.102020E-03   0.441058E+03
   0.104081E-03   0.449648E+03
   0.106184E-03   0.458406E+03
   0.108329E-03   0.467333E+03
   0.110517E-03   0.476434E+03
   0.112750E-03   0.485712E+03
   0.115027E-03   0.495171E+03
   0.117351E-03   0.504814E+03
   0.119722E-03   0.514644E+03
   0.122140E-03   0.524665E+03
   0.124608E-03   0.534881E+03
   0.127125E-03   0.545295E+03
   0.129693E-03   0.555912E+03
   0.132313E-03   0.566735E+03
   0.134986E-03   0.577769E+03
   0.137713E-03   0.589017E+03
   0.140495E-03   0.600483E+03
   0.143333E-03   0.612172E+03
   0.146228E-03   0.624088E+03
   0.149182E-03   0.636236E+03
   0.152196E-03   0.648619E+03
   0.155271E-03   0.661243E+03
   0.158407E-03   0.674112E+03
   0.161607E-03   0.687230E+03
   0.164872E-03   0.700603E+03
   0.168203E-03   0.714236E+03
   0.171601E-03   0.728133E+03
   0.175067E-03   0.742299E+03
   0.178604E-03   0.756740E+03
   0.182212E-03   0.771461E+03
   0.185893E-03   0.786468E+03
   0.189648E-03   0.801765E+03
   0.193479E-03   0.817359E+03
   0.197388E-03   0.833254E+03
   0.201375E-03   0.849458E+03
   0.205443E-03   0.865975E+03
   0.209594E-03   0.882812E+03
   0.213828E-03   0.899974E+03
   0.218147E-03   0.917469E+03
   0.222554E-03   0.935302E+03
   0.227050E-03   0.953479E+03
   0.231637E-03   0.972008E+03
   0.236316E-03   0.990895E+03
   0.241090E-03   0.101015E+04
   0.245960E-03   0.102977E+04
   0.250929E-03   0.104977E+04
   0.255998E-03   0.107016E+04
   0.261170E-03   0.109094E+04
   0.266446E-03   0.111212E+04
   0.271828E-03   0.113371E+04
   0.277319E-03   0.115572E+04
   0.282922E-03   0.117815E+04
   0.288637E-03   0.120101E+04
   0.294468E-03   0.122431E+04
   0.300417E-03   0.124806E+04
   0.306485E-03   0.127226E+04
   0.312677E-03   0.129693E+04
   0.318993E-03   0.132208E+04
   0.325437E-03   0.134770E+04
   0.332012E-03   0.137382E+04
   0.338719E-03   0.140044E+04
   0.345561E-03   0.142756E+04
   0.352542E-03   0.145521E+04
   0.359664E-03   0.148338E+04
   0.366930E-03   0.151210E+04
   0.374342E-03   0.154136E+04
   0.381904E-03   0.157118E+04
   0.389619E-03   0.160157E+04
   0.397490E-03   0.163254E+04
   0.405520E-03   0.166409E+04
   0.413712E-03   0.169625E+04
   0.422070E-03   0.172902E+04
   0.430596E-03   0.176241E+04
   0.439295E-03   0.179643E+04
   0.448169E-03   0.183110E+04
   0.457222E-03   0.186643E+04
   0.466459E-03   0.190242E+04
   0.475882E-03   0.193909E+04
   0.485496E-03   0.197646E+04
   0.495303E-03   0.201453E+04
   0.505309E-03   0.205332E+04
   0.515517E-03   0.209284E+04
   0.525931E-03   0.213309E+04
   0.536556E-03   0.217411E+04
   0.547395E-03   0.221589E+04
   0.558453E-03   0.225846E+04
   0.569734E-03   0.230182E+04
   0.581244E-03   0.234599E+04
   0.592986E-03   0.239099E+04
   0.604965E-03   0.243682E+04
   0.617186E-03   0.248351E+04
   0.629654E-03   0.253106E+04
   0.642374E-03   0.257949E+04
   0.655350E-03   0.262882E+04
   0.668589E-03   0.267906E+04
   0.682096E-03   0.273022E+04
   0.695875E-03   0.278233E+04
   0.709933E-03   0.283540E+04
   0.724274E-03   0.288944E+04
   0.738906E-03   0.294446E+04
   0.753832E-03   0.300050E+04
   0.769061E-03   0.305756E+04
   0.784597E-03   0.311565E+04
   0.800447E-03   0.317480E+04
   0.816617E-03   0.323502E+04
   0.833114E-03   0.329633E+04
   0.849944E-03   0.335875E+04
   0.867114E-03   0.342230E+04
   0.884631E-03   0.348698E+04
   0.902501E-03   0.355282E+04
   0.920733E-03   0.361985E+04
   0.939333E-03   0.368806E+04
   0.958309E-03   0.375749E+04
   0.977668E-03   0.382815E+04
   0.997418E-03   0.390006E+04
   0.101757E-02   0.397323E+04
   0.103812E-02   0.404770E+04
   0.105910E-02   0.412347E+04
   0.108049E-02   0.420056E+04
   0.110232E-02   0.427900E+04
   0.112459E-02   0.435880E+04
   0.114730E-02   0.443998E+04
   0.117048E-02   0.452255E+04
   0.119413E-02   0.460655E+04
   0.121825E-02   0.469198E+04
   0.124286E-02   0.477887E+04
   0.126797E-02   0.486723E+04
   0.129358E-02   0.495709E+04
   0.131971E-02   0.504846E+04
   0.134637E-02   0.514137E+04
   0.137357E-02   0.523582E+04
   0.140132E-02   0.533185E+04
   0.142963E-02   0.542946E+04
   0.145851E-02   0.552867E+04
   0.148797E-02   0.562952E+04
   0.151803E-02   0.573200E+04
   0.154870E-02   0.583615E+04
   0.157998E-02   0.594198E+04
   0.161190E-02   0.604951E+04
   0.164446E-02   0.615875E+04
   0.167768E-02   0.626972E+04
   0.171158E-02   0.638243E+04
   0.174615E-02   0.649691E+04
   0.178143E-02   0.661316E+04
   0.181741E-02   0.673121E+04
   0.185413E-02   0.685107E+04
   0.189158E-02   0.697275E+04
   0.192980E-02   0.709626E+04
   0.196878E-02   0.722163E+04
   0.200855E-02   0.734887E+04
   0.204913E-02   0.747798E+04
   0.209052E-02   0.760899E+04
   0.213276E-02   0.774190E+04
   0.217584E-02   0.787673E+04
   0.221979E-02   0.801349E+04
   0.226464E-02   0.815219E+04
   0.231039E-02   0.829285E+04
   0.235706E-02   0.843546E+04
   0.240467E-02   0.858003E+04
   0.245325E-02   0.872655E+04
   0.250281E-02   0.887503E+04
   0.255337E-02   0.902546E+04
   0.260495E-02   0.917785E+04
   0.265758E-02   0.933217E+04
   0.271126E-02   0.948844E+04
   0.276603E-02   0.964663E+04
   0.282191E-02   0.980674E+04
   0.287892E-02   0.996878E+04
   0.293708E-02   0.101328E+05
   0.299641E-02   0.102987E+05
   0.305694E-02   0.104666E+05
   0.311870E-02   0.106365E+05
   0.318170E-02   0.108085E+05
   0.324597E-02   0.109824E+05
   0.331155E-02   0.111584E+05
   0.337844E-02   0.113364E+05
   0.344669E-02   0.115166E+05
   0.351632E-02   0.116987E+05
   0.358735E-02   0.118827E+05
   0.365982E-02   0.120684E+05
   0.373376E-02   0.122558E+05
   0.380918E-02   0.124447E+05
   0.388613E-02   0.126348E+05
   0.396464E-02   0.128261E+05
   0.404473E-02   0.130184E+05
   0.412644E-02   0.132115E+05
   0.420980E-02   0.134053E+05
   0.429484E-02   0.135996E+05
   0.438160E-02   0.137947E+05
   0.447012E-02   0.139906E+05
   0.456042E-02   0.141874E+05
   0.465255E-02   0.143852E+05
   0.474653E-02   0.145842E+05
   0.484242E-02   0.147845E+05
   0.494024E-02   0.149862E+05
   0.504004E-02   0.151895E+05
   0.514186E-02   0.153944E+05
   0.524573E-02   0.156010E+05
   0.535170E-02   0.158091E+05
   0.545981E-02   0.160185E+05
   0.557011E-02   0.162290E+05
   0.568263E-02   0.164404E+05
   0.579743E-02   0.166525E+05
   0.591455E-02   0.168650E+05
   0.603403E-02   0.170778E+05
   0.615592E-02   0.172906E+05
   0.628028E-02   0.175032E+05
   0.640715E-02   0.177154E+05
   0.653658E-02   0.179271E+05
   0.666863E-02   0.181383E+05
   0.680335E-02   0.183487E+05
   0.694078E-02   0.185584E+05
   0.708100E-02   0.187673E+05
   0.722404E-02   0.189751E+05
   0.736998E-02   0.191819E+05
   0.751886E-02   0.193874E+05
   0.767075E-02   0.195917E+05
   0.782571E-02   0.197945E+05
   0.798380E-02   0.199956E+05
   0.814509E-02   0.201948E+05
   0.830963E-02   0.203920E+05
   0.847750E-02   0.205870E+05
   0.864875E-02   0.207795E+05
   0.882347E-02   0.209693E+05
   0.900171E-02   0.211562E+05
   0.918356E-02   0.213400E+05
   0.936908E-02   0.215204E+05
   0.955835E-02   0.216973E+05
   0.975144E-02   0.218705E+05
   0.994843E-02   0.220398E+05
   0.101494E-01   0.222049E+05
   0.103544E-01   0.223656E+05
   0.105636E-01   0.225218E+05
   0.107770E-01   0.226733E+05
   0.109947E-01   0.228198E+05
   0.112168E-01   0.229611E+05
   0.114434E-01   0.230971E+05
   0.116746E-01   0.232274E+05
   0.119104E-01   0.233515E+05
   0.121510E-01   0.234692E+05
   0.123965E-01   0.235801E+05
   0.126469E-01   0.236836E+05
   0.129024E-01   0.237795E+05
   0.131631E-01   0.238674E+05
   0.134290E-01   0.239468E+05
   0.137003E-01   0.240174E+05
   0.139770E-01   0.240788E+05
   0.142594E-01   0.241310E+05
   0.145474E-01   0.241742E+05
   0.148413E-01   0.242086E+05
   0.151411E-01   0.242344E+05
   0.154470E-01   0.242517E+05
   0.157590E-01   0.242608E+05
   0.160774E-01   0.242619E+05
   0.164022E-01   0.242552E+05
   0.167335E-01   0.242410E+05
   0.170716E-01   0.242195E+05
   0.174164E-01   0.241900E+05
   0.177683E-01   0.241517E+05
   0.181272E-01   0.241036E+05
   0.184934E-01   0.240447E+05
   0.188670E-01   0.239742E+05
   0.192481E-01   0.238912E+05
   0.196370E-01   0.237948E+05
   0.200337E-01   0.236843E+05
   0.204384E-01   0.235588E+05
   0.208513E-01   0.234178E+05
   0.212725E-01   0.232614E+05
   0.217022E-01   0.230904E+05
   0.221406E-01   0.229054E+05
   0.225879E-01   0.227072E+05
   0.230442E-01   0.224964E+05
   0.235097E-01   0.222739E+05
   0.239847E-01   0.220403E+05
   0.244692E-01   0.217965E+05
   0.249635E-01   0.215431E+05
   0.254678E-01   0.212809E+05
   0.259823E-01   0.210108E+05
   0.265072E-01   0.207339E+05
   0.270426E-01   0.204513E+05
   0.275889E-01   0.201638E+05
   0.281463E-01   0.198724E+05
   0.287149E-01   0.195780E+05
   0.292949E-01   0.192815E+05
   0.298867E-01   0.189837E+05
   0.304905E-01   0.186855E+05
   0.311064E-01   0.183874E+05
   0.317348E-01   0.180894E+05
   0.323759E-01   0.177911E+05
   0.330299E-01   0.174920E+05
   0.336972E-01   0.171916E+05
   0.343779E-01   0.168897E+05
   0.350724E-01   0.165859E+05
   0.357809E-01   0.162800E+05
   0.365038E-01   0.159717E+05
   0.372412E-01   0.156608E+05
   0.379935E-01   0.153474E+05
   0.387610E-01   0.150331E+05
   0.395440E-01   0.147205E+05
   0.403429E-01   0.144120E+05
   0.411579E-01   0.141097E+05
   0.419893E-01   0.138156E+05
   0.428375E-01   0.135315E+05
   0.437029E-01   0.132591E+05
   0.445858E-01   0.129999E+05
   0.454865E-01   0.127552E+05
   0.464053E-01   0.125261E+05
   0.473428E-01   0.123120E+05
   0.482992E-01   0.121110E+05
   0.492749E-01   0.119218E+05
   0.502703E-01   0.117428E+05
   0.512858E-01   0.115727E+05
   0.523219E-01   0.114101E+05
   0.533789E-01   0.112539E+05
   0.544572E-01   0.111029E+05
   0.555573E-01   0.109560E+05
   0.566796E-01   0.108121E+05
   0.578246E-01   0.106701E+05
   0.589927E-01   0.105285E+05
   0.601845E-01   0.103863E+05
   0.614003E-01   0.102423E+05
   0.626407E-01   0.100953E+05
   0.639061E-01   0.994441E+04
   0.651971E-01   0.978862E+04
   0.665142E-01   0.962711E+04
   0.678578E-01   0.945908E+04
   0.692287E-01   0.928390E+04
   0.706272E-01   0.910120E+04
   0.720539E-01   0.891086E+04
   0.735095E-01   0.871279E+04
   0.749945E-01   0.850703E+04
   0.765095E-01   0.829364E+04
   0.780551E-01   0.807282E+04
   0.796319E-01   0.784482E+04
   0.812406E-01   0.760998E+04
   0.828817E-01   0.736871E+04
   0.845561E-01   0.712178E+04
   0.862642E-01   0.687256E+04
   0.880068E-01   0.662548E+04
   0.897847E-01   0.638441E+04
   0.915985E-01   0.615268E+04
   0.934489E-01   0.593315E+04
   0.953367E-01   0.572822E+04
   0.972626E-01   0.553991E+04
   0.992274E-01   0.536997E+04
   0.101232E+00   0.521990E+04
   0.103277E+00   0.509071E+04
   0.105363E+00   0.497981E+04
   0.107492E+00   0.488293E+04
   0.109663E+00   0.479618E+04
   0.111879E+00   0.471597E+04
   0.114139E+00   0.463898E+04
   0.116445E+00   0.456207E+04
   0.118797E+00   0.448234E+04
   0.121197E+00   0.439707E+04
   0.123645E+00   0.430381E+04
   0.126143E+00   0.420066E+04
   0.128691E+00   0.408885E+04
   0.131291E+00   0.397117E+04
   0.133943E+00   0.385021E+04
   0.136649E+00   0.372834E+04
   0.139409E+00   0.360767E+04
   0.142226E+00   0.349007E+04
   0.145099E+00   0.337718E+04
   0.148030E+00   0.327040E+04
   0.151020E+00   0.317095E+04
   0.154071E+00   0.307975E+04
   0.157184E+00   0.299611E+04
   0.160359E+00   0.291859E+04
   0.163598E+00   0.284589E+04
   0.166903E+00   0.277684E+04
   0.170275E+00   0.271036E+04
   0.173715E+00   0.264547E+04
   0.177224E+00   0.258128E+04
   0.180804E+00   0.251699E+04
   0.184457E+00   0.245187E+04
   0.188183E+00   0.238537E+04
   0.191985E+00   0.231786E+04
   0.195863E+00   0.225012E+04
   0.199820E+00   0.218287E+04
   0.203856E+00   0.211678E+04
   0.207974E+00   0.205241E+04
   0.212176E+00   0.199027E+04
   0.216462E+00   0.193079E+04
   0.220835E+00   0.187436E+04
   0.225296E+00   0.182130E+04
   0.229847E+00   0.177185E+04
   0.234490E+00   0.172578E+04
   0.239227E+00   0.168259E+04
   0.244060E+00   0.164186E+04
   0.248990E+00   0.160319E+04
   0.254020E+00   0.156622E+04
   0.259152E+00   0.153061E+04
   0.264387E+00   0.149606E+04
   0.269728E+00   0.146229E+04
   0.275177E+00   0.142903E+04
   0.280736E+00   0.139607E+04
   0.286407E+00   0.136342E+04
   0.292193E+00   0.133117E+04
   0.298096E+00   0.129941E+04
   0.304118E+00   0.126823E+04
   0.310261E+00   0.123771E+04
   0.316529E+00   0.120792E+04
   0.322923E+00   0.117892E+04
   0.329447E+00   0.115076E+04
   0.336102E+00   0.112349E+04
   0.342892E+00   0.109715E+04
   0.349819E+00   0.107172E+04
   0.356885E+00   0.104715E+04
   0.364095E+00   0.102341E+04
   0.371450E+00   0.100046E+04
   0.378954E+00   0.978246E+03
   0.386609E+00   0.956748E+03
   0.394419E+00   0.935928E+03
   0.402387E+00   0.915753E+03
   0.410516E+00   0.896193E+03
   0.418809E+00   0.877219E+03
   0.427269E+00   0.858805E+03
   0.435901E+00   0.840927E+03
   0.444706E+00   0.823561E+03
   0.453690E+00   0.806685E+03
   0.462855E+00   0.790277E+03
   0.472206E+00   0.774319E+03
   0.481745E+00   0.758789E+03
   0.491477E+00   0.743671E+03
   0.501405E+00   0.728947E+03
   0.511534E+00   0.714600E+03
   0.521868E+00   0.700615E+03
   0.532411E+00   0.686979E+03
   0.543166E+00   0.673678E+03
   0.554139E+00   0.660701E+03
   0.565333E+00   0.648035E+03
   0.576753E+00   0.635669E+03
   0.588404E+00   0.623592E+03
   0.600291E+00   0.611793E+03
   0.612418E+00   0.600263E+03
   0.624789E+00   0.588990E+03
   0.637411E+00   0.577966E+03
   0.650288E+00   0.567179E+03
   0.663424E+00   0.556619E+03
   0.676826E+00   0.546277E+03
   0.690499E+00   0.536143E+03
   0.704448E+00   0.526208E+03
   0.718679E+00   0.516464E+03
   0.733197E+00   0.506903E+03
   0.748009E+00   0.497518E+03
   0.763119E+00   0.488301E+03
   0.778536E+00   0.479246E+03
   0.794263E+00   0.470346E+03
   0.810308E+00   0.461596E+03
   0.826677E+00   0.452990E+03
   0.843378E+00   0.444523E+03
   0.860415E+00   0.436189E+03
   0.877797E+00   0.427985E+03
   0.895529E+00   0.419905E+03
   0.913620E+00   0.411945E+03
   0.932076E+00   0.404102E+03
   0.950906E+00   0.396371E+03
   0.970115E+00   0.388749E+03
   0.989713E+00   0.381232E+03
   0.100971E+01   0.373818E+03
   0.103010E+01   0.366504E+03
   0.105091E+01   0.359287E+03
   0.107214E+01   0.352165E+03
   0.109380E+01   0.345135E+03
   0.111590E+01   0.338194E+03
   0.113844E+01   0.331341E+03
   0.116144E+01   0.324575E+03
   0.118490E+01   0.317893E+03
   0.120884E+01   0.311294E+03
   0.123326E+01   0.304777E+03
   0.125817E+01   0.298341E+03
   0.128359E+01   0.291985E+03
   0.130952E+01   0.285707E+03
   0.133597E+01   0.279507E+03
   0.136296E+01   0.273385E+03
   0.139049E+01   0.267338E+03
   0.141858E+01   0.261368E+03
   0.144724E+01   0.255473E+03
   0.147648E+01   0.249654E+03
   0.150630E+01   0.243910E+03
   0.153673E+01   0.238242E+03
   0.156778E+01   0.232648E+03
   0.159945E+01   0.227130E+03
   0.163176E+01   0.221686E+03
   0.166472E+01   0.216318E+03
   0.169835E+01   0.211024E+03
   0.173266E+01   0.205806E+03
   0.176766E+01   0.200664E+03
   0.180337E+01   0.195597E+03
   0.183980E+01   0.190607E+03
   0.187697E+01   0.185694E+03
   0.191489E+01   0.180858E+03
   0.195357E+01   0.176099E+03
   0.199304E+01   0.171418E+03
   0.203330E+01   0.166814E+03
   0.207437E+01   0.162289E+03
   0.211628E+01   0.157842E+03
   0.215903E+01   0.153473E+03
   0.220265E+01   0.149184E+03
   0.224714E+01   0.144973E+03
   0.229254E+01   0.140843E+03
   0.233885E+01   0.136792E+03
   0.238610E+01   0.132820E+03
   0.243430E+01   0.128929E+03
   0.248348E+01   0.125117E+03
   0.253365E+01   0.121384E+03
   0.258483E+01   0.117730E+03
   0.263705E+01   0.114156E+03
   0.269032E+01   0.110660E+03
   0.274466E+01   0.107243E+03
   0.280011E+01   0.103904E+03
   0.285668E+01   0.100644E+03
   0.291439E+01   0.974599E+02
   0.297326E+01   0.943530E+02
   0.303332E+01   0.913221E+02
   0.309460E+01   0.883665E+02
   0.315712E+01   0.854856E+02
   0.322090E+01   0.826785E+02
   0.328596E+01   0.799445E+02
   0.335234E+01   0.772826E+02
   0.342006E+01   0.746919E+02
   0.348916E+01   0.721716E+02
   0.355964E+01   0.697204E+02
   0.363155E+01   0.673376E+02
   0.370491E+01   0.650218E+02
   0.377976E+01   0.627721E+02
   0.385611E+01   0.605874E+02
   0.393401E+01   0.584664E+02
   0.401348E+01   0.564080E+02
   0.409456E+01   0.544110E+02
   0.417727E+01   0.524743E+02
   0.426166E+01   0.505965E+02
   0.434775E+01   0.487766E+02
   0.443558E+01   0.470132E+02
   0.452519E+01   0.453051E+02
   0.461660E+01   0.436511E+02
   0.470987E+01   0.420499E+02
   0.480501E+01   0.405003E+02
   0.490208E+01   0.390010E+02
   0.500111E+01   0.375509E+02
   0.510214E+01   0.361486E+02
   0.520521E+01   0.347930E+02
   0.531036E+01   0.334829E+02
   0.541763E+01   0.322170E+02
   0.552708E+01   0.309943E+02
   0.563873E+01   0.298134E+02
   0.575264E+01   0.286732E+02
   0.586885E+01   0.275727E+02
   0.598741E+01   0.265106E+02
   0.610836E+01   0.254859E+02
   0.623176E+01   0.244974E+02
   0.635765E+01   0.235442E+02
   0.648609E+01   0.226250E+02
   0.661711E+01   0.217390E+02
   0.675079E+01   0.208850E+02
   0.688716E+01   0.200621E+02
   0.702629E+01   0.192694E+02
   0.716823E+01   0.185058E+02
   0.731304E+01   0.177704E+02
   0.746077E+01   0.170623E+02
   0.761149E+01   0.163806E+02
   0.776525E+01   0.157244E+02
   0.792212E+01   0.150930E+02
   0.808217E+01   0.144854E+02
   0.824543E+01   0.139009E+02
   0.841200E+01   0.133386E+02
   0.858193E+01   0.127979E+02
   0.875530E+01   0.122780E+02
   0.893217E+01   0.117781E+02
   0.911261E+01   0.112975E+02
   0.929670E+01   0.108356E+02
   0.948451E+01   0.103917E+02
   0.967610E+01   0.996509E+01
   0.987158E+01   0.955526E+01
   0.100710E+02   0.916155E+01
   0.102744E+02   0.878339E+01
   0.104820E+02   0.842019E+01
   0.106938E+02   0.807142E+01
   0.109098E+02   0.773653E+01
   0.111302E+02   0.741501E+01
   0.113550E+02   0.710637E+01
   0.115844E+02   0.681011E+01
   0.118184E+02   0.652577E+01
   0.120572E+02   0.625290E+01
   0.123007E+02   0.599107E+01
   0.125492E+02   0.573986E+01
   0.128027E+02   0.549885E+01
   0.130614E+02   0.526765E+01
   0.133252E+02   0.504589E+01
   0.135944E+02   0.483319E+01
   0.138691E+02   0.462922E+01
   0.141492E+02   0.443361E+01
   0.144351E+02   0.424605E+01
   0.147267E+02   0.406623E+01
   0.150242E+02   0.389383E+01
   0.153277E+02   0.372856E+01
   0.156373E+02   0.357014E+01
   0.159532E+02   0.341829E+01
   0.162755E+02   0.327276E+01
   0.166043E+02   0.313329E+01
   0.169397E+02   0.299964E+01
   0.172819E+02   0.287157E+01
   0.176310E+02   0.274886E+01
   0.179872E+02   0.263129E+01
   0.183505E+02   0.251865E+01
   0.187212E+02   0.241075E+01
   0.190994E+02   0.230738E+01
   0.194853E+02   0.220837E+01
   0.198789E+02   0.211354E+01
   0.202805E+02   0.202271E+01
   0.206902E+02   0.193572E+01
   0.211081E+02   0.185241E+01
   0.215346E+02   0.177263E+01
   0.219696E+02   0.169624E+01
   0.224134E+02   0.162309E+01
   0.228662E+02   0.155305E+01
   0.233281E+02   0.148599E+01
   0.237994E+02   0.142179E+01
   0.242802E+02   0.136033E+01
   0.247707E+02   0.130149E+01
   0.252710E+02   0.124516E+01
   0.257816E+02   0.119124E+01
   0.263024E+02   0.113963E+01
   0.268337E+02   0.109023E+01
   0.273758E+02   0.104295E+01
   0.279288E+02   0.997696E+00
   0.284930E+02   0.954385E+00
   0.290686E+02   0.912935E+00
   0.296558E+02   0.873267E+00
   0.302549E+02   0.835306E+00
   0.308661E+02   0.798980E+00
   0.314897E+02   0.764218E+00
   0.321258E+02   0.730956E+00
   0.327748E+02   0.699129E+00
   0.334369E+02   0.668675E+00
   0.341123E+02   0.639538E+00
   0.348014E+02   0.611659E+00
   0.355045E+02   0.584987E+00
   0.362217E+02   0.559469E+00
   0.369535E+02   0.535055E+00
   0.377000E+02   0.511699E+00
   0.384616E+02   0.489356E+00
   0.392386E+02   0.467981E+00
   0.400312E+02   0.447534E+00
   0.408399E+02   0.427975E+00
   0.416649E+02   0.409264E+00
   0.425066E+02   0.391367E+00
   0.433653E+02   0.374248E+00
   0.442413E+02   0.357873E+00
   0.451350E+02   0.342211E+00
   0.460469E+02   0.327230E+00
   0.469770E+02   0.312901E+00
   0.479261E+02   0.299197E+00
   0.488942E+02   0.286090E+00
   0.498820E+02   0.273554E+00
   0.508896E+02   0.261565E+00
   0.519177E+02   0.250098E+00
   0.529665E+02   0.239132E+00
   0.540365E+02   0.228645E+00
   0.551281E+02   0.218616E+00
   0.562417E+02   0.209025E+00
   0.573779E+02   0.199852E+00
   0.585370E+02   0.191081E+00
   0.597195E+02   0.182693E+00
   0.609260E+02   0.174672E+00
   0.621568E+02   0.167001E+00
   0.634124E+02   0.159667E+00
   0.646934E+02   0.152653E+00
   0.660003E+02   0.145946E+00
   0.673336E+02   0.139533E+00
   0.686938E+02   0.133401E+00
   0.700816E+02   0.127538E+00
   0.714973E+02   0.121931E+00
   0.729416E+02   0.116570E+00
   0.744151E+02   0.111444E+00
   0.759184E+02   0.106543E+00
   0.774521E+02   0.101857E+00
   0.790167E+02   0.973769E-01
   0.806129E+02   0.930930E-01
   0.822415E+02   0.889970E-01
   0.839028E+02   0.850807E-01
   0.855978E+02   0.813364E-01
   0.873269E+02   0.777563E-01
   0.890911E+02   0.743335E-01
   0.908908E+02   0.710609E-01
   0.927270E+02   0.679320E-01
   0.946001E+02   0.649406E-01
   0.965112E+02   0.620806E-01
   0.984608E+02   0.593463E-01
   0.100450E+03   0.567322E-01
   0.102479E+03   0.542331E-01
   0.104549E+03   0.518440E-01
   0.106661E+03   0.495601E-01
   0.108816E+03   0.473767E-01
   0.111014E+03   0.452894E-01
