1 0.008446
2 0.025726
3 0.031789
4 0.036894
5 0.037417
6 0.037536
7 0.038858
8 0.039665
9 0.042925
10 0.044349
11 0.044554
12 0.044583
13 0.045667
14 0.045743
15 0.046727
16 0.050075
17 0.050363
18 0.052222
19 0.052789
20 0.053359
21 0.055720
22 0.055784
23 0.057311
24 0.058358
25 0.058868
26 0.059519
27 0.059591
28 0.060010
29 0.062191
30 0.064523
31 0.064731
32 0.064913
33 0.065806
34 0.066325
35 0.066705
36 0.067974
37 0.068053
38 0.068363
39 0.068719
40 0.069038
41 0.069280
42 0.072319
43 0.073838
44 0.074048
45 0.074050
46 0.074689
47 0.077006
48 0.078344
49 0.078566
50 0.078598
51 0.078854
52 0.078863
53 0.078962
54 0.079083
55 0.079185
56 0.079288
57 0.079474
58 0.080273
59 0.080291
60 0.080573
61 0.080661
62 0.080695
63 0.080705
64 0.080863
65 0.080885
66 0.081691
67 0.081749
68 0.082093
69 0.082314
70 0.082546
71 0.083094
72 0.083393
73 0.083395
74 0.083618
75 0.083652
76 0.083871
77 0.084085
78 0.084109
79 0.084297
80 0.084393
81 0.084617
82 0.084821
83 0.085016
84 0.085200
85 0.085325
86 0.085360
87 0.085477
88 0.085574
89 0.085693
90 0.085725
91 0.085781
92 0.085815
93 0.085832
94 0.085987
95 0.086029
96 0.086200
97 0.086229
98 0.086469
99 0.086617
100 0.086875
101 0.087176
102 0.087353
103 0.087383
104 0.087383
105 0.087476
106 0.087896
107 0.088021
108 0.088044
109 0.088080
110 0.090451
111 0.090970
112 0.091372
113 0.091700
114 0.091883
115 0.092044
116 0.092396
117 0.093089
118 0.093129
119 0.093352
120 0.093357
121 0.093372
122 0.093481
123 0.093953
124 0.094227
125 0.094393
126 0.095782
127 0.096662
128 0.097567
129 0.098067
130 0.098400
131 0.099423
132 0.099725
133 0.100721
134 0.101096
135 0.101197
136 0.101264
137 0.101535
138 0.101814
139 0.101876
140 0.102096
141 0.102480
142 0.103023
143 0.103163
144 0.103238
145 0.103299
146 0.103751
147 0.103847
148 0.103875
149 0.103932
150 0.104274
151 0.104438
152 0.104697
153 0.105146
154 0.105411
155 0.105491
156 0.105495
157 0.105622
158 0.105689
159 0.105709
160 0.105762
161 0.105985
162 0.106088
163 0.106146
164 0.106201
165 0.106281
166 0.106326
167 0.106370
168 0.106423
169 0.106685
170 0.106700
171 0.107056
172 0.107088
173 0.107200
174 0.107212
175 0.107500
176 0.107576
177 0.107678
178 0.107770
179 0.107904
180 0.107965
181 0.108225
182 0.108236
183 0.108401
184 0.108437
185 0.108468
186 0.108663
187 0.108734
188 0.108953
189 0.109150
190 0.109422
191 0.109453
192 0.109502
193 0.109524
194 0.109576
195 0.109823
196 0.109997
197 0.110082
198 0.110169
199 0.110180
200 0.110313
201 0.110438
202 0.110485
203 0.110652
204 0.110764
205 0.110909
206 0.111373
207 0.111470
208 0.111674
209 0.111908
210 0.112021
211 0.112244
212 0.112997
213 0.113135
214 0.113291
215 0.113570
216 0.113799
217 0.113897
218 0.113946
219 0.114135
220 0.114291
221 0.114294
222 0.114324
223 0.114325
224 0.114354
225 0.114382
226 0.114469
227 0.114512
228 0.114561
229 0.114672
230 0.114677
231 0.114757
232 0.114817
233 0.114979
234 0.115041
235 0.115240
236 0.115339
237 0.115393
238 0.115732
239 0.115905
240 0.116488
241 0.117084
242 0.117710
243 0.117716
244 0.117998
245 0.119863
246 0.120084
247 0.120269
248 0.120714
249 0.121390
250 0.121481
251 0.121693
252 0.121933
253 0.121945
254 0.121950
255 0.122041
256 0.122045
257 0.122428
258 0.122582
259 0.122654
260 0.122671
261 0.122749
262 0.122801
263 0.122802
264 0.122826
265 0.122890
266 0.122925
267 0.122955
268 0.123058
269 0.123096
270 0.123121
271 0.123147
272 0.123174
273 0.123360
274 0.123426
275 0.123499
276 0.123532
277 0.123826
278 0.123988
279 0.124038
280 0.124078
281 0.124088
282 0.124143
283 0.124180
284 0.124187
285 0.124236
286 0.124246
287 0.124252
288 0.124315
289 0.124349
290 0.124437
291 0.124486
292 0.124559
293 0.124653
294 0.124669
295 0.124682
296 0.124698
297 0.124703
298 0.124726
299 0.124771
300 0.124776
301 0.124778
302 0.124992
303 0.125008
304 0.125016
305 0.125174
306 0.125261
307 0.125352
308 0.125385
309 0.125482
310 0.125781
311 0.125808
312 0.125830
313 0.125837
314 0.125957
315 0.125959
316 0.126057
317 0.126083
318 0.126153
319 0.126251
320 0.126350
321 0.126513
322 0.126654
323 0.126663
324 0.126668
325 0.126760
326 0.126764
327 0.126808
328 0.126925
329 0.126997
330 0.127045
331 0.127376
332 0.127417
333 0.127685
334 0.127738
335 0.128511
336 0.128926
337 0.128994
338 0.129007
339 0.129074
340 0.129166
341 0.129234
342 0.129279
343 0.129422
344 0.129484
345 0.129650
346 0.129856
347 0.130318
348 0.130494
349 0.130662
350 0.130733
351 0.130773
352 0.131158
353 0.131534
354 0.131599
355 0.131628
356 0.131708
357 0.131752
358 0.131799
359 0.131829
360 0.131833
361 0.131846
362 0.132011
363 0.132034
364 0.132054
365 0.132090
366 0.132157
367 0.132266
368 0.132400
369 0.132442
370 0.132524
371 0.132538
372 0.132626
373 0.133037
374 0.133057
375 0.133070
376 0.133156
377 0.133537
378 0.134291
379 0.134449
380 0.134535
381 0.134626
382 0.134829
383 0.135143
384 0.135237
385 0.135625
386 0.135665
387 0.135731
388 0.135735
389 0.135858
390 0.135997
391 0.136036
392 0.136037
393 0.136039
394 0.136089
395 0.136105
396 0.136120
397 0.136131
398 0.136368
399 0.136370
400 0.136630
401 0.136992
402 0.136999
403 0.137062
404 0.137190
405 0.137204
406 0.137483
407 0.137555
408 0.137558
409 0.137874
410 0.138013
411 0.138053
412 0.138124
413 0.138252
414 0.138345
415 0.138352
416 0.138481
417 0.138518
418 0.138545
419 0.138898
420 0.139029
421 0.139164
422 0.139490
423 0.139610
424 0.140213
425 0.140325
426 0.140329
427 0.140350
428 0.140384
429 0.140399
430 0.140522
431 0.140571
432 0.140599
433 0.140626
434 0.140713
435 0.140762
436 0.140883
437 0.140906
438 0.141850
439 0.141920
440 0.141997
441 0.142082
442 0.142274
443 0.142294
444 0.142706
445 0.142873
446 0.143421
447 0.143500
448 0.144113
449 0.144180
450 0.144180
451 0.144483
452 0.144538
453 0.144758
454 0.144903
455 0.145127
456 0.145143
457 0.145190
458 0.145237
459 0.145326
460 0.145521
461 0.145589
462 0.145626
463 0.145754
464 0.145808
465 0.145861
466 0.146013
467 0.146068
468 0.146313
469 0.146352
470 0.146538
471 0.147386
472 0.147500
473 0.147638
474 0.147648
475 0.147875
476 0.147898
477 0.147933
478 0.148358
479 0.148426
480 0.148526
481 0.148761
482 0.148934
483 0.149807
484 0.149981
