0.16262843300000002 20.097039575182986 0 98.93498544650161 -61.53436139914929 20.2274014533432
0.069037516 18.1359849358815 0 95.32498783349199 -57.46580796238749 18.23479100135538
0.195496342 20.741058213103045 0 91.69503070924593 -60.711238587443475 20.669534834300396
0.146312796 19.821137480918843 0 96.10848122708559 -58.41246952892638 19.97604515365587
0.15526261 20.13790462026894 0 99.06589697026875 -60.90574040691363 20.116979452912314
0.18464568 20.29817706475516 0 92.48807979873897 -61.76249755919722 20.531743845717298
0.166312685 20.291513331006865 0 90.70866844157719 -60.67845615708997 20.280897404305374
0.147874515 19.896035661289712 0 98.50400750644754 -58.5917462571879 20.001207043027403
0.167545479 20.505639591200982 0 100.54016384070749 -59.760640842139594 20.29855193673931
0.15755606 20.07458585025173 0 98.91865719738769 -61.030483202733386 20.151874600936214
0.10384739 18.945107431844814 0 97.65817308934885 -59.11885963597209 19.172517255359505
0.09578224 18.898325173618204 0 92.8270608734034 -59.35691307091982 18.985333809922192
0.18361819199999999 20.61395805556955 0 97.59685618617047 -58.46287967603812 20.51830980028031
0.101875966 19.205370655181046 0 96.8671695786422 -61.02508315249718 19.128067441151803
0.078961595 18.491490317194796 0 98.80261885569176 -58.43956449490222 18.541295884319236
0.19939061100000002 20.745680704399074 0 94.19798904603158 -57.621313051020735 20.717265966192134
0.085815258 18.62502293012287 0 100.50180310292124 -59.31790027112318 18.732171971416175
0.145143215 19.99567978565917 0 96.97979583826486 -59.92831028259261 19.957036513935808
0.117709547 19.28828381789362 0 98.40007619195748 -63.090280732472934 19.46427883566899
0.138481031 19.81167223415603 0 95.37794025621496 -58.07339039822818 19.845950307248952
0.171957265 20.376892994937318 0 93.72457491853554 -61.9402655170301 20.360758227231
0.074047855 18.389070352824827 0 94.63204593574558 -60.28624021562025 18.394452041748362
0.191955333 20.855905482619278 0 94.49482104650394 -58.013514969834894 20.625363665835952
0.133155637 19.879411618466843 0 97.81583778299178 -58.74601024903861 19.753498387857018
0.055720127 17.576396307673797 0 100.16811916361411 -60.828122367507646 17.749158504290367
0.12353222400000001 19.66415834444104 0 98.73890898483985 -61.0784858090153 19.57727402071438
0.178696776 20.60498165936307 0 100.46744756085872 -59.472429324689216 20.452981756926125
0.08738267400000001 18.828599552432248 0 95.92457395922928 -62.55315885542384 18.7737794916377
0.106200924 19.078680831175987 0 98.89773613477301 -59.68645278151944 19.224549638517654
0.169866488 20.220445728844116 0 92.1903035521429 -59.79872964075271 20.33146537937311
0.122428439 19.617905196675228 0 96.36776938167964 -59.06458788952532 19.556244016321966
0.183755119 20.51175996178758 0 97.57580211360009 -60.48655831065373 20.520104090416677
0.15494451 20.0619829075752 0 100.75610479553337 -61.488120460996925 20.112101647719864
0.166708823 20.297628953315304 0 95.81729082712214 -59.7642650167459 20.286583622960702
0.17742929600000001 20.34809760250052 0 93.88120729897531 -59.143140853020334 20.43588681618355
0.173336215 20.302210143739607 0 94.11057713079536 -61.495238885956844 20.379897535589993
0.082314477 18.464830851775297 0 98.06802742165978 -59.08282783317935 18.636567120879054
0.178117475 20.575567940486696 0 98.53031205705543 -59.02969265265227 20.445182527561766
0.189564802 20.608093438894723 0 93.00773419044341 -57.998927723407505 20.595115273344536
0.19142788800000002 20.558283362973654 0 91.33221433455033 -60.527736301036974 20.618719788388145
0.09972535800000001 18.886092241329848 0 90.1133975783662 -61.288165675799135 19.07863982454435
0.17927939699999998 20.305425431133802 0 96.39359211451894 -57.54079116801344 20.4608020655627
0.185998026 20.58872470700213 0 95.97555002302872 -57.92895279029044 20.549320096380487
0.13306979800000002 19.835106864005454 0 97.95785225123247 -58.44071530108802 19.75198000667807
0.145190312 20.076751330372065 0 90.78179503147952 -60.31280586648915 19.95780471830035
0.17513872800000002 20.321769908736893 0 97.06436760341771 -61.54876927677628 20.404703695668832
0.077006379 18.43060458181466 0 93.56195908705152 -60.072374349115265 18.48394069932399
0.148761267 20.1234208861543 0 91.50399820078657 -59.94734824066161 20.015383913479997
0.15220003 19.987571528572996 0 93.34453940403112 -60.67240508841003 20.069625323496634
0.186048479 20.494054117590167 0 94.55192824947144 -58.47228832346777 20.549973533200355
0.158759342 20.05204341560226 0 96.00343017473662 -62.64987516233312 20.16999391770292
0.064912923 18.217403546592898 0 99.05831151006181 -63.12767252257589 18.094785781963918
0.088020578 18.831564133316547 0 94.00729839492308 -60.1207741887135 18.790509884122354
0.151550992 19.98506729269312 0 96.7535842605413 -57.618488166559445 20.05947581105703
0.18938014399999997 20.59804168710334 0 93.4305873423276 -58.14958104399303 20.592764047307842
0.157726216 20.29557281939345 0 92.00558388795001 -61.164937475160215 20.154444658398962
0.158844539 20.192871301669296 0 97.04425912661493 -62.007809799210456 20.171271982812794
0.132538234 19.829910554927878 0 95.66308484126083 -58.66718000925427 19.74255684012024
0.152818202 20.280781856403326 0 98.0744007901894 -58.02176973747356 20.079254708658862
0.189045095 20.56677946200892 0 96.46478077614509 -58.637264471086596 20.588492486579664
0.03966503 16.99180539643917 0 98.02112052429302 -60.7850090897905 16.98617510253644
0.18429309800000002 20.484717829550394 0 95.93593035735357 -59.1293236499341 20.52714178477184
0.131752292 19.684597961056312 0 95.24677070145846 -57.625094255968605 19.72855916668308
0.09204369800000001 18.97561331675914 0 98.84301035931432 -61.55129367583558 18.893442345448722
0.18027865899999998 20.529532718723374 0 96.7946266138301 -57.68270704997975 20.474160076734496
0.19458549600000002 20.831040104886025 0 92.52889952718131 -61.91406525097978 20.658243956269363
0.13179879 19.819136035771045 0 97.63099629540676 -58.619520167177235 19.729389473615367
0.114817326 19.76138449666494 0 95.29671449257923 -57.50547407708985 19.406183124623364
0.17038555100000002 20.413224236086833 0 100.4997965885041 -59.09066659737316 20.338768837058996
0.170650904 20.46014278700296 0 98.25771473687195 -62.51892913554308 20.342494497125333
0.140712747 19.820175543358562 0 90.48269210615133 -60.78429577925623 19.883708396744414
0.158166295 20.076801859644124 0 94.79681595945178 -57.974246433335296 20.161079711566796
0.167870305 20.39094523844539 0 101.87865814914129 -59.46095095292755 20.30318358888002
0.110081742 19.327118327760708 0 91.90144467075228 -59.47589511137819 19.30801505545806
0.16518132300000002 20.2837113872288 0 97.12985523507669 -62.1988818106835 20.264588072925694
0.173517096 20.254367366394114 0 94.60838882974582 -58.18713228598206 20.3823975997384
0.106146313 19.229495121998337 0 96.12441124712097 -59.72601445608346 19.22335468724715
0.189151601 20.59928053902854 0 90.89840310642384 -60.51918161975793 20.589851097815913
0.122582475 19.417446728813378 0 98.64030749994419 -59.819829239702074 19.559189476010797
0.18169526800000002 20.34311072410432 0 93.10503100438356 -61.95642469854194 20.492979944456653
0.12666761599999998 19.760906446723087 0 100.47742181434532 -58.71128565493897 19.636062893738565
0.142873144 19.911064664840875 0 96.25936347886268 -62.5299417326891 19.919730258859172
0.185704287 20.29666598484213 0 99.20714269854535 -60.580357262169215 20.54551250164813
0.083871474 18.74145216555825 0 95.93445963750445 -62.51969689102981 18.679557049358866
0.128926466 19.57878228817623 0 93.95603706889904 -59.310695925601465 19.67757606139679
0.122040798 19.53974373109922 0 96.24349886621394 -59.03775089171976 19.548816150764335
0.184858888 20.417748632518656 0 95.08932671597383 -61.69006904574182 20.53452278421589
0.12280141 19.465028359448443 0 96.92966020838088 -58.61888913098382 19.56336994888966
0.182744203 20.602882828502523 0 98.1246803144228 -60.45922517655727 20.50682774987285
0.125837101 19.76788055233041 0 98.2090639234344 -62.89054123080847 19.620624834664216
0.180241585 20.568904438895537 0 94.32381145035387 -58.74102221022597 20.473665703972184
0.177458548 20.34361602808967 0 100.72303485416306 -59.53282859069001 20.436282623379622
0.199182197 20.819544074056285 0 93.92424208873267 -59.35137064549553 20.714733414833038
0.158948986 20.01455224680239 0 96.34857421149735 -62.170750182540154 20.172837952279362
0.17567336 20.408665621838082 0 98.20897312176965 -62.744018225374056 20.41201573247984
0.110180294 19.313981772624423 0 92.04169570483445 -61.89354602082339 19.31009826924814
0.151604038 20.035603786796923 0 95.55644892277319 -61.316984378262944 20.06030685207018
0.069279543 18.26483926619852 0 94.7318916381676 -57.471791132333294 18.242755012268514
0.183371355 20.582502310195697 0 99.50279546121378 -60.824193396155295 20.515072115431213
0.131158498 19.790947399843205 0 96.14852664223444 -59.61051568342673 19.71793167252333
0.167095531 20.34761281854353 0 98.16082790230644 -59.46794268577067 20.292122379966766
0.177997486 20.508835521899144 0 92.2710975886952 -61.82278265916294 20.443564153764743
0.180149145 20.43967037101679 0 99.32075862469918 -58.587870268700364 20.472432628273705
0.19390490100000002 20.739486943623554 0 96.77790583612304 -60.03855832615992 20.649775308475842
0.199260028 20.796501071603064 0 101.49399290726944 -58.673676632101184 20.715679468024792
0.11475667699999999 19.26436738269532 0 96.2116866491904 -61.7340895545084 19.404950184920036
0.196450593 20.706089538970108 0 95.60915669665086 -58.35071395026318 20.681311675333742
0.130661879 19.682298937122724 0 94.86153538850142 -58.598458146688664 19.70900869234502
0.19975844199999998 20.834329432210563 0 96.51618857835123 -57.59162440166751 20.721729713045786
0.10757551 19.33230464149374 0 95.99050301802458 -60.347486433414055 19.254437595930266
0.187473374 20.651616835144225 0 99.51608742244514 -59.274898020510996 20.568360455501963
0.148426295 20.198786822124145 0 93.1628855883187 -58.13184842292113 20.010037869420255
0.138345096 19.915747725749306 0 97.2731098126535 -60.38821245829221 19.843632094407493
0.182615854 20.461425313492274 0 89.6514455566257 -61.33115859916448 20.50513727733335
0.17130564199999998 20.291790808673284 0 100.71150012510878 -61.113837531561316 20.35166430645148
0.16541895 20.35878733847489 0 100.61962500127464 -60.15020961518641 20.268022221020377
0.130317737 19.763925789780817 0 92.21354247621359 -59.432487840924225 19.70280666862622
0.166815535 20.25880450976396 0 99.20659315447244 -59.97186385274718 20.288113234012368
0.086199785 18.661597506558955 0 95.94760232479408 -60.444977948775126 18.742445891591412
0.062191341 17.906736909195462 0 101.76570666757179 -59.30225284903786 17.99764481770897
0.169053593 20.32043555112042 0 101.961127038927 -59.522569041335245 20.319985802674108
0.1979226 20.759145553619593 0 94.79022564235521 -59.82738479200213 20.699375003387214
0.18223453 20.511261280958777 0 92.67860897648548 -58.84335605117297 20.500108390189222
0.15618854199999999 20.175165218912582 0 90.39739367355192 -60.93937465219547 20.13112505501898
0.036893823 16.774727961592344 0 94.87276916291692 -60.53488826780997 16.824536243333558
0.083094234 18.630890366373272 0 91.51365626204708 -60.70046677084112 18.658192783445298
0.146538468 19.92590947799688 0 96.03093705490487 -61.560969297699614 19.979696556967216
0.123425546 19.49035593306644 0 94.86219631826599 -58.1855137168561 19.575249246976593
0.17937505 20.548359888118316 0 93.32273917866031 -57.86481631273202 20.462083727607318
0.10541124 19.319703146806898 0 99.47231724128964 -60.96685731191121 19.207213680308353
0.150350324 20.019670154915005 0 96.12005813542719 -57.72577637935218 20.040592713098174
0.107087968 19.171864003053837 0 96.73270813832424 -58.57575463755253 19.243878338308942
0.190029869 20.511803177315038 0 92.70229469151583 -60.260005638237416 20.601027526543252
0.053358841 17.48319435561285 0 92.69739609977421 -60.49739395288926 17.65149530239783
0.172754086 20.46817597015225 0 95.1294481390332 -59.53564033064172 20.371835109469057
0.15198282300000002 20.014703060062256 0 95.80207293400954 -61.40550796764209 20.06623318906446
0.152662858 20.162174625199405 0 95.25410007257528 -57.719173653586964 20.076838305985998
0.18938909899999998 20.68678998993163 0 93.47398498971229 -57.73852665802951 20.59287811911577
0.163707077 20.119561355654696 0 97.03024466670456 -61.160659529772765 20.243179271273053
0.105761825 19.29099591958382 0 99.78885959123136 -58.576227006345626 19.214925174815516
0.17193103199999998 20.19824595552664 0 92.55411714241137 -60.91344512139997 20.360392743452753
0.16998533100000002 20.361566935147675 0 97.61624076575818 -57.96344155122092 20.33313938378132
0.09806724300000001 19.12793831815335 0 98.83191914169542 -61.97852076505084 19.039837408362526
0.10568886300000001 19.263663235302012 0 98.20339018948076 -59.18764889590795 19.213322289098418
0.102095836 19.143928472547863 0 94.3475001412711 -57.08715433780086 19.133064975155488
0.176753804 20.579558161322904 0 93.63145630801787 -58.35012090254201 20.426729889054226
0.18109176899999999 20.44464691206289 0 94.72597047296382 -62.486921606022285 20.48497906068774
0.192845921 20.63366697463856 0 95.00819568862012 -61.88267094467136 20.636543556073658
0.17121137399999997 20.20609690388961 0 94.76781751802164 -61.08208991434396 20.350346061879375
0.06871938799999999 18.215457654558577 0 94.75544162030745 -60.67342927202082 18.22428203303461
0.185360049 20.448335696836363 0 94.59793846355771 -61.821682510713224 20.541043205007437
0.086617005 18.90467506896388 0 100.56673272434243 -60.49847265600783 18.75354409504263
0.11090908699999999 19.312971065621625 0 94.05673669407558 -57.1931218762256 19.32544932524345
0.183050844 20.476468830766432 0 98.0594488496748 -58.92932517106083 20.510862038122706
0.18675482300000001 20.53047298541247 0 93.11146863843271 -58.36164169748332 20.559104478061133
0.16852942199999998 20.213033075021855 0 95.46964554796192 -61.812527436735046 20.312556312197014
0.181705377 20.522865025536245 0 96.9706961759387 -61.23398675288168 20.493113754523247
0.129649704 19.66269534654483 0 93.43051252073661 -59.12524405854728 19.69072362123008
0.16188581400000002 20.187760319726184 0 99.27096234222127 -62.631292502009096 20.2164821422213
0.109997215 19.462343039250005 0 93.30367020472517 -58.14800666851578 19.306226903179155
0.131708299 19.801144229146335 0 93.70278124841403 -59.04111702797029 19.727773338261454
0.17600026300000002 20.349269375067134 0 98.12552548829939 -62.714272544988184 20.416476540483952
0.168454012 20.335582504132123 0 91.2368900239238 -59.82707104646657 20.31148570031051
0.19721659800000002 20.55627792514144 0 94.83811632851418 -58.06200683146354 20.6907270586
0.12398786699999999 19.530398699472492 0 93.71362327298665 -59.24641130139404 19.58590378578653
0.136089071 19.80338117696059 0 93.71708238947784 -60.76607595759726 19.804843761721923
0.16963376100000002 20.22026580191752 0 94.00122600888471 -58.93091255545259 20.3281840683272
0.142293674 19.92746978396118 0 96.718931753572 -58.03439980787771 19.910118564061822
0.125008124 19.617590646872923 0 97.07882145604714 -60.86899390615492 19.605119691811378
0.05278912400000001 17.65229694648661 0 91.06969528592512 -60.17836501674455 17.62730681908563
0.12665400599999999 19.662448001828775 0 100.5500993412486 -61.44387166442339 19.635810670336067
0.05886804599999999 17.965571671572476 0 101.49000521046233 -60.31288932119144 17.87332222990059
0.18714398699999998 20.568739635855938 0 97.91161793798008 -59.5425823463715 20.56412156078056
0.18698691 20.74355821592115 0 96.12812442457418 -58.5581471929993 20.562097696246664
0.17761495300000002 20.615269087486574 0 101.71139595282618 -59.51110827295433 20.438397904287225
0.183328839 20.388020082397 0 97.53642170690917 -62.59811061102034 20.514514038394683
0.168789695 20.240807781744486 0 97.10280812784417 -60.13180433794366 20.316248047099922
0.182568256 20.41195021503127 0 91.76948616284903 -60.93674809926277 20.50451008861388
0.19067128100000003 20.850536693537784 0 99.44104587503612 -61.29871081683529 20.609159656561733
0.169791902 20.489835976511326 0 101.36065736145689 -58.97223368152158 20.330414216540515
0.1947546 20.91088015357943 0 94.2727282715664 -57.41520682677152 20.660343866872278
0.187404552 20.512535587713938 0 99.05618761950008 -59.327153275225164 20.56747535281914
0.167215742 20.150789551311554 0 97.54665686144205 -57.852628310495845 20.29384171550772
0.125959254 19.624181965034307 0 99.72942465686052 -59.73277027873648 19.622901468044642
0.143420726 20.023984245942795 0 95.44179335336214 -62.156954465225745 19.928779609413358
0.126663403 19.697629932368415 0 97.47414695355806 -60.70915112824838 19.63598482024825
0.169083937 20.19634251436145 0 97.39412115810191 -59.86657328078938 20.32041523650231
0.170920507 20.383649660488487 0 91.58584950650226 -60.82426175244667 20.3462743218015
0.154324185 20.16622168017103 0 95.4168982386575 -59.029390033075416 20.10256256658265
0.108663119 19.183814948494945 0 94.68227672784118 -59.66249953146546 19.277831322436807
0.161096511 20.066092614057215 0 98.12985921552549 -58.876600241134206 20.20482518745906
0.147648107 19.963747168225023 0 96.69921971225874 -61.75748099803349 19.997574651339516
0.099422596 18.91993825267578 0 96.27571560236235 -58.27224057749188 19.07160054889349
0.144537835 20.037802403719642 0 100.06351699905251 -62.17906388158494 19.947141310773713
0.132523624 19.568650389369115 0 98.0187763638675 -58.47915999081007 19.742297345398736
0.148357867 20.108510980189095 0 93.26917771885748 -59.009127197347084 20.008944396108728
0.135997396 19.834692633642426 0 96.67158430393249 -57.99736567499176 19.803254881521323
0.124558915 19.628355457055555 0 95.41308313522791 -58.825871026286265 19.59667733466787
0.135624575 19.967362760258066 0 91.65260771790135 -59.41390359570811 19.79678292723756
0.156835962 20.161097716495327 0 98.41558505884697 -59.63040882633733 20.140969454390838
0.18155898 20.64627099648441 0 93.69671342632905 -59.03589523014036 20.49117526337893
0.093357257 18.97385371320783 0 99.60652101276786 -61.74210487555426 18.926126034871285
0.157442889 19.891056137298108 0 93.24973219883915 -61.21486761167426 20.150163820339063
0.19723204600000002 20.737751590601885 0 101.16475756430842 -59.03051296820118 20.690916590137032
0.17606897 20.44859727192669 0 99.37713004469232 -60.37042706031355 20.417413115093677
0.18443792399999998 20.577393584794013 0 97.44825382802946 -58.591801023205484 20.529033106292953
0.16373151800000002 20.144784336209906 0 100.18663432198392 -59.50641532576162 20.24353565934938
0.00844643 13.835180967151341 0 92.07697890824937 -59.076023073368134 13.5772454573269
0.177108347 20.491090980082628 0 99.12403447855773 -60.20204209077849 20.43154009226193
0.18176241899999998 20.604480547680332 0 97.50649947194721 -61.521909242921524 20.493868674544128
0.18273362699999998 20.497450759141415 0 98.89733912619491 -61.101714750837004 20.506688495991344
0.110484537 19.49606527716167 0 93.51851581278375 -57.54050395658384 19.316518354294903
0.18780598 20.665553292069493 0 91.84587491706475 -59.84664856279066 20.572633781375583
0.131627672 19.703668418700232 0 94.10065823263722 -58.109489099210805 19.72633249340709
0.08461715 18.47669777822538 0 98.71299501812476 -58.32509820412324 18.699877174328346
0.19730552 20.81866164686884 0 95.13983369711829 -58.39381672276106 20.691817854834195
0.125481552 19.556646772642964 0 97.195697712833 -58.141487830423 19.613986443832186
0.100721114 19.09749106432252 0 97.77632881176127 -62.862252239143686 19.101649504683262
0.182617274 20.576982568199977 0 97.46293339636345 -58.18788464515926 20.505155986043302
0.15599796900000001 20.109906462966137 0 100.34466735818367 -58.94939660740803 20.128220039542445
0.17914675100000002 20.587604737964117 0 100.17249836370408 -59.38093777649012 20.459023681430846
0.087176247 18.78277572279257 0 96.05316483298387 -60.142227963945544 18.768340618152546
0.124778292 19.549628996943245 0 96.80243478857071 -61.17457786956987 19.600803833771028
0.125260608 19.738026330613838 0 97.78833051695676 -61.00791919096816 19.609852337010768
0.170349849 20.450391044298534 0 96.14138137016577 -61.864951504416524 20.338267155688353
0.134449184 19.826461492144826 0 97.84599250647494 -58.2233677198905 19.776269236081152
0.12282577199999999 19.468638500575793 0 94.50005396330555 -58.4138078995841 19.563834698126403
0.199845196 20.83246878343943 0 97.67171750392997 -60.82558233938032 20.722781392813115
0.15855508699999998 20.465846722828875 0 96.44189787840156 -62.15529954966702 20.16692722616779
0.17731018 20.477871509858762 0 91.40314182013037 -61.05359716285416 20.43427443871113
0.129073642 19.730784162969623 0 97.42913202190923 -62.30620391842406 19.680257132107638
0.11065162 19.466731849521114 0 92.79872213419587 -59.8518218438913 19.320037022244737
0.18767602 20.562817153267325 0 98.14291426335318 -58.60464657777402 20.570964888773677
0.110437997 19.101070009943335 0 93.24818296146474 -59.469462627891076 19.315537356089603
0.16069930300000002 20.234611919964436 0 98.66503575666972 -62.30928168701042 20.198938836480213
0.171580297 20.36908766986765 0 99.03766347004603 -62.985946481099226 20.355501246978573
0.171798347 20.290519264780826 0 99.14363043774868 -63.329104899879255 20.358543353829777
0.14192005900000002 19.702651563729408 0 99.59099588988279 -59.388756974663934 19.903901980946404
0.187620483 20.44074821329137 0 99.9158933484262 -59.19866971157761 20.570251379097027
0.072319269 18.329212620757676 0 94.12163951385814 -62.39174115335654 18.340569967220812
0.080661434 18.625322649998076 0 93.8272956993774 -58.38586762864167 18.590068533451937
0.16261598 20.246276544684527 0 98.697876045039 -61.245189169436294 20.227218729846623
0.085477378 18.736933205314358 0 95.66029069898389 -60.92622830549436 18.723108149817943
0.182448363 20.588725250886824 0 92.69015149022533 -60.75906567107042 20.502929612051783
0.16357450199999998 20.263956435655153 0 98.29942486857563 -60.233696432856966 20.241245257339028
0.161586469 20.18933651291364 0 98.30582419489828 -59.9212074239564 20.212067453072
0.025726491 16.243574097466578 0 92.39672995971372 -59.4814423139437 16.023886305675983
0.09439288400000001 18.974144599913487 0 92.95855873086664 -59.0278326600051 18.951588047392786
0.155767589 20.11369861567711 0 99.63770747307069 -60.44740477912303 20.124703805398337
0.190113217 20.7555944785163 0 94.8216561293182 -61.10210093681158 20.602085687998862
0.160734096 20.20682780058935 0 97.50720808358231 -59.962083941286686 20.19945498572123
0.161261084 20.208841880243085 0 100.1491889039282 -60.352348231432984 20.20726009031092
0.12692473599999998 19.80423053382642 0 98.0559863034075 -58.0989456422568 19.640823123529106
0.179185975 20.528563579102695 0 101.0866141024669 -59.81703296732659 20.459549684505422
0.064522719 17.980023231432554 0 97.00740238834548 -60.211994131160175 18.081101442347926
0.13429144099999998 19.7892702728523 0 99.18168198808732 -58.47422998830479 19.773503432202222
0.11394624800000001 19.300986604360364 0 95.67384518146118 -60.646251682554784 19.38841572786612
0.121933296 19.546012437097303 0 96.22268944121154 -59.47307415218058 19.546752301472754
0.164994345 20.212355059351268 0 98.46698651754024 -59.20006026508627 20.261882665374248
0.114134909 19.53965987129368 0 95.48022168602762 -57.7730214049121 19.39227467886384
0.183658464 20.477966171118364 0 98.72582995878233 -62.19309219837017 20.518837652889008
0.12305821199999999 19.603691356030655 0 96.88754846403215 -59.95411358834314 19.56826456192768
0.13153427199999998 19.89162312181261 0 95.0669228598463 -58.17098626911248 19.724662354259404
0.180561657 20.4776357891597 0 95.29567404896888 -57.28648431396629 20.47793068269888
0.16924821 20.19732509558859 0 96.76381272889472 -61.05799464009797 20.322738815597123
0.12499158699999999 19.68741670366564 0 98.57848984255311 -60.95261133710004 19.604809403640896
0.171569538 20.435518273841996 0 96.89599112219187 -59.92739661588449 20.35535105073323
0.165362775 20.24655035798229 0 95.6632532043332 -60.356600316962044 20.26721080294298
0.110168763 19.2695191569739 0 99.12217505227287 -59.621598850367654 19.309854615257326
0.13748281099999998 19.706100971800495 0 95.27847006706948 -59.49607368262275 19.8288770054868
0.198933392 20.628646770223273 0 94.0958393469937 -61.21602720147718 20.71170683958731
0.18571558600000002 20.53125744446658 0 99.0435645191926 -59.218333271486195 20.545659068209698
0.16126236 20.19984920483562 0 98.72629327247543 -60.80074327512294 20.207278960046754
0.144180099 20.05320615632135 0 94.85699150489043 -59.33127327376137 19.94127574637532
0.187221206 20.505756119234295 0 96.41749403518344 -62.68396301833706 20.565115915044718
0.162768842 20.33170032694635 0 99.40987687822835 -62.06978642527292 20.229460781402988
0.09422745 18.886193077839035 0 100.00662410814202 -59.11308001193915 18.947538515157927
0.124087758 19.608238705749557 0 93.29981868392274 -61.29608670563722 19.587791715166535
0.172588328 20.251642116790826 0 94.82705403570381 -60.68347248042206 20.369534764317788
0.13636796 19.90960042023914 0 92.96888408413159 -61.26250162697628 19.809671219532436
0.185600417 20.44217462723531 0 93.72036370474078 -61.63983941783842 20.54416475015061
0.16245856 20.114787378271906 0 99.41157387326726 -61.40441824386212 20.224907775184523
0.16253116 20.106932285290654 0 99.53758216479672 -61.3646394599589 20.225973815305775
0.124775875 19.727450413823565 0 96.50525460803178 -58.42608999843724 19.600758406931757
0.193572722 20.841533130353973 0 92.60625346080533 -59.80797498330595 20.645632009353644
0.10316289599999999 19.28329247581293 0 96.29191734793469 -59.417630934962254 19.157175051273764
0.16222002300000002 20.19662971363504 0 98.34729191040041 -60.14827034738062 20.22140203478816
0.135730505 19.989473476426575 0 93.99554497058668 -59.84771256572313 19.79862350206341
0.108468279 19.39365150797993 0 98.86796962803317 -58.6780131564404 19.273656744762402
0.158454054 20.160353235020334 0 99.00305679388111 -59.3973566712892 20.165408953309775
0.11986300800000001 19.41940931820216 0 95.07527526674784 -59.020379044264835 19.506669131289943
0.177461345 20.473143539110616 0 96.35182799386895 -59.00876888530275 20.43632046626143
0.14562619 19.814310785525823 0 100.00885802789308 -58.282787928770304 19.964903350210324
0.064731223 18.03257930947395 0 95.76745349957866 -60.26637453765972 18.088423477458708
0.13720411400000002 19.935845431492073 0 98.20878704388662 -63.083702236629655 19.82408953072449
0.037535834 16.770616827021232 0 95.10926613779212 -62.07376763610905 16.863011869262177
0.115339182 19.458549940177353 0 95.39392746378837 -60.48631313613558 19.416766715770276
0.155497918 20.15418419120178 0 98.88349630533168 -59.77556221721535 20.12058172209377
0.169370532 20.235782547589743 0 95.61922575271562 -59.86696499342311 20.324467653081687
0.18346037199999998 20.38446402049912 0 95.7176730140989 -61.131211378395314 20.516240189425428
0.16127434 20.414085963494934 0 94.94734394959409 -59.41311146429466 20.20745611583801
0.15581040699999998 20.018512930456072 0 99.1858146367617 -63.035518968328255 20.125357692551272
0.126057279 19.89711699714524 0 98.2799508330211 -58.3089972172763 19.624726916172175
0.19437516100000002 20.824036298689858 0 94.5043937380488 -58.09720277893241 20.65562968695441
0.144903364 20.019427221168137 0 101.03099363991876 -60.17837154703624 19.95312066250983
0.13699914300000002 19.694059298213332 0 93.09964054298084 -61.4552207506974 19.820562715050468
0.108734441 19.244899064971936 0 94.38451340227662 -57.91468765934365 19.279357678059196
0.14475795800000002 19.99643844504356 0 100.49916532320653 -59.252826841157656 19.950743789110103
0.114979126 19.353522473346597 0 97.4752136807906 -59.4971880550756 19.4094693748043
0.186311537 20.538126042041814 0 99.41445625763521 -60.84391456965718 20.55337784453833
0.19259659899999998 20.833741767568316 0 99.93242607087228 -59.53394938899587 20.633418546741435
0.106369935 19.306175572680118 0 94.52615558445927 -58.97398668657644 19.228244118830897
0.170408388 20.426995173813268 0 94.47741266860473 -59.22931713138789 20.339089689373562
0.18631619600000002 20.4315753791023 0 91.9828576627325 -61.657693017970736 20.553438097892194
0.165941198 20.00319735143704 0 98.53384650662318 -60.18583518831007 20.275553577902695
0.17002017100000003 20.362226041076323 0 95.37080745324992 -60.46457379218867 20.333629928629346
0.167858388 20.365104070113016 0 96.71082227028884 -61.066531769407646 20.303013813150624
0.137190082 19.699997939221774 0 90.68359800258975 -61.45042077736152 19.823848247598402
0.11137315 19.37724564443387 0 90.27966435995563 -60.81775261811333 19.335174699361115
0.186323867 20.609607736434402 0 92.41229811297396 -61.864036264534185 20.553537301435643
0.11146973199999999 19.414607895271157 0 94.1641207688636 -58.0557119901785 19.337193964933956
0.136036555 19.793202018197388 0 98.21022642763286 -60.537449202491125 19.80393369473123
0.199105067 20.71700846016902 0 96.30670680825386 -60.95524374293147 20.713795545133774
0.18765102399999997 20.71570603470766 0 93.81378182440885 -57.333867453817106 20.570643777738685
0.197804447 20.561466658377714 0 92.19004193109005 -61.000977483044416 20.697929716178503
0.10570893699999999 19.260941931972212 0 94.28489790413171 -57.24684023789139 19.21376339448913
0.08169075 18.7770973871404 0 96.15255349992184 -61.149585331540486 18.619127739531617
0.133056505 19.98351097726622 0 91.62706194357361 -60.054145755392085 19.751744788613767
0.18755457399999997 20.40682623218871 0 101.83339519080958 -59.220021106152565 20.569404361622954
0.182530367 20.411277608995373 0 97.05755904338957 -62.94486343762239 20.5040107249602
0.106088012 19.18053463122412 0 98.04002541821747 -58.7681966633732 19.22207835349202
0.092395829 18.850011340237526 0 96.63073294429861 -59.77657806988162 18.9022472144545
0.101813666 19.180734835628726 0 96.27046344180883 -60.644654372298824 19.126649538529474
0.15637684699999999 20.075510931040263 0 100.6143489639438 -58.7930808126634 20.13399225665005
0.169342605 20.306186752230623 0 94.5911549529024 -62.08977992055966 20.324073049158212
0.12295533199999999 19.543626603563528 0 96.39161026848701 -60.39292118272847 19.566304835551474
0.080290696 18.451980111713322 0 98.80291535004673 -58.31494803873966 18.57951531360815
0.135143071 19.733663416569396 0 93.7049468888957 -59.799407187172285 19.788399609789362
0.169873202 20.395284722508126 0 102.49920567759193 -59.01698836093317 20.331559980748256
0.14763757 20.058859263039267 0 96.67760013704567 -61.65759708639593 19.997405473711748
0.181782258 20.361108848135572 0 92.54572745633932 -61.04136902419789 20.49413118150066
0.044554240999999994 17.24564097994034 0 91.10228723721862 -61.64144553151289 17.246245090231607
0.10387532199999999 19.099265598864804 0 96.41256316622419 -61.36484585203866 19.17314128916073
0.137557693 19.878880312534413 0 93.8126168550617 -61.58993988182507 19.83016178548856
0.167029397 20.392470295862218 0 98.37142944546952 -60.22175052820052 20.29117599838575
0.104696995 19.004419625578027 0 93.9472565608505 -57.10891117520718 19.19142783116772
0.082546259 18.767865024245097 0 95.7201320257357 -60.56847348637905 18.64301564943022
0.190546928 20.476860304864157 0 93.26480862122351 -57.84658321132847 20.607585030661827
0.186540331 20.6492586593755 0 92.44518814172106 -59.64938762168063 20.556335116455028
0.129166361 19.62875266824778 0 96.12306971301591 -62.30142483259949 19.681944700778192
0.10329936199999999 18.975378763866857 0 92.69055602513846 -59.853776776981185 19.160241457089054
0.126760275 19.721106869528814 0 100.77071455027324 -58.445602566190225 19.637779394274002
0.109502421 19.197293340350434 0 93.99049495000787 -59.78204547015045 19.295733556758858
0.167592169 20.31221380743387 0 98.23075818873293 -62.29638947442574 20.299218196744615
0.127375934 19.682644817467626 0 99.68072949534104 -59.79072786380174 19.64915461603748
0.14021292 19.982722842827645 0 93.86067846740163 -61.379328242623195 19.87530080953125
0.12312129 19.618781156995468 0 97.85390286476475 -61.04482090561588 19.569465352431404
0.185288487 20.72551733464692 0 96.85789189611528 -61.03877649310549 20.54011313872159
0.153191897 20.088794286349486 0 94.4637637883998 -57.572266167727875 20.085058231995443
0.10823636199999999 19.338027373826414 0 94.45029135969158 -59.01590605825504 19.268678531884593
0.17634681600000002 20.362522402593623 0 95.15295481191035 -57.56898511871441 20.421197097570325
0.152283385 19.952543723871138 0 92.60196997792457 -60.97538443724821 20.07092588510515
0.140762125 20.05887678254965 0 94.36573210184537 -61.57516183036618 19.88453746773894
0.124235731 19.66077022150198 0 98.31849576586468 -61.25322907640845 19.590585767714895
0.16656227699999998 20.244578161435406 0 93.0762070340407 -59.98865523279086 20.284481547035828
0.108400695 19.156316545627718 0 95.00471587388202 -60.97788492214682 19.272207058884465
0.145589155 20.029351121664526 0 97.60068674336591 -58.52391011744933 19.964300976587946
0.19664748899999998 20.841060848148018 0 97.24935594758115 -61.54034730508275 20.68373506946052
0.191110953 20.462048986084106 0 93.12646553679387 -57.88951880955251 20.614719411315686
0.183733635 20.46216279867761 0 95.05107803176267 -59.8346397878815 20.519822646258714
0.152175591 20.11998454996583 0 96.4511214294122 -57.727768860977946 20.06924388363841
0.13184616300000002 19.73447091747275 0 93.31700179192522 -59.203127679030146 19.730235123021213
0.107770382 19.383251890174048 0 93.71163591264991 -57.7464835506739 19.25864552881745
0.140599151 20.03951590391823 0 95.46105098430652 -62.553067306240116 19.881800053720102
0.184046276 20.584511141267082 0 98.49325782600441 -63.21672593966889 20.52391529382982
0.199312751 20.68331615613398 0 93.80833498278304 -59.80427301224727 20.716320133738318
0.060010365999999996 17.88415435930192 0 99.32916833850727 -59.585110481587016 17.916801354981924
0.136370351 19.81873237444633 0 101.13363467074629 -58.48766041528731 19.80971256682746
0.10642265699999999 19.407023586808254 0 96.83290111567226 -59.08662936568446 19.229395456036105
0.06805253900000001 18.08643415334547 0 98.94215299630687 -60.25187067618976 18.202101246649523
0.079474269 18.562418765989186 0 93.2844074692514 -58.279101339718146 18.55611047763519
0.169278627 20.211942261796956 0 92.43760546494492 -60.07287857532631 20.323168822561765
0.172564183 20.423348531439775 0 93.80811896793709 -60.75177202567711 20.369199515311866
0.084084659 18.61026167346488 0 90.37575492884298 -61.31778377985065 18.685383979243294
0.18364361699999998 20.313645590411067 0 99.84797460722605 -59.858092741167056 20.51864306297873
0.18274680899999998 20.48241398381052 0 91.0710094169461 -60.52510086508719 20.506862061851177
0.18501667600000002 20.77653905531231 0 97.83845185555349 -61.58923390233686 20.536577470541214
0.169728972 20.371947943603963 0 97.68657852492329 -60.658406911696346 20.329526991494955
0.131833271 19.921228530879354 0 94.64042661420251 -58.37991172708328 19.730005017770136
0.129484447 19.735278995312065 0 95.79261528245524 -59.40315529976631 19.687725529337694
0.08429675800000001 18.6603079483526 0 100.1316662739048 -61.8107214201871 18.691167278197316
0.084820652 18.804410485433035 0 97.09104587995742 -59.06705142082822 18.70539310692693
0.10796455 19.25328654147221 0 95.27539782325915 -58.600468404945424 19.26283112194577
0.146068006 20.00914713533253 0 95.2570221802156 -58.10165638428195 19.972078468568103
0.16719971 20.420062346278446 0 101.62214997087145 -59.33816680374283 20.293612481870046
0.168453187 20.397442947899716 0 99.25531457317348 -58.78545461239999 20.311473985146566
0.18065772 20.52096156444468 0 100.5071215562852 -59.445548563422214 20.479209360215147
0.12418734 19.502847784021725 0 95.34846925732802 -59.17222575832902 19.589672384304958
0.107499585 19.33136962377742 0 94.7841364861331 -58.73263498234172 19.25279617494527
0.087476311 19.000260611770777 0 96.42568244826748 -62.64861203509399 18.776242581587777
0.163259444 20.22741330646778 0 97.67385622103107 -62.62441869382587 20.23664331202792
0.080705019 18.627195897783604 0 93.85130744678187 -58.47903929099002 18.591306158687207
0.125957485 19.62178143405771 0 98.55429097365598 -62.64900712012143 19.62286851299952
0.12477087 19.687121498408327 0 97.43903230932365 -60.728296665803214 19.60066433672902
0.126152632 19.625537200314138 0 97.95409069546388 -63.152652522035275 19.62650132764153
0.114354494 19.372988867636863 0 94.45477862644638 -59.013943421114774 19.39675860233351
0.166720717 20.098965622562986 0 99.12302659389022 -59.77946581807751 20.286754156756498
0.105490754 19.189346995049657 0 101.31964058090021 -59.86012916441571 19.20896479864164
0.17039452100000002 20.286553186310833 0 96.30620449227285 -60.686509007588604 20.338894867362736
0.167950672 20.342292420204124 0 99.00549432707514 -61.350568752594995 20.304328246230977
0.150258501 19.91744285683136 0 99.66220336360507 -61.31539046598264 20.03914281468848
0.139164342 19.95707482600197 0 93.69242638069176 -61.480328677245204 19.857571233148985
0.12382611800000001 19.568210256762402 0 97.02822805547524 -60.30405884152681 19.582843715235693
0.114293845 19.437705587110642 0 94.92608372464508 -60.3099441303099 19.39552096164491
0.180027415 20.556920753428756 0 93.01168524957907 -58.060323946544706 20.47080795199842
0.184958756 20.57973418957244 0 95.31849110027068 -58.612450478742446 20.535823435639816
0.167893545 20.27359427186315 0 101.84057391509425 -59.39154762682002 20.303514645690253
0.13787390900000002 19.98149285783445 0 94.4769823955973 -60.376313620459946 19.835580021726923
0.140350259 20.01392840996 0 100.31791544089438 -61.84756768445305 19.87761377662228
0.125830252 19.537272247494396 0 98.30116462028424 -62.09777485963118 19.620497124634692
0.18523446 20.335079528288215 0 96.01060178635637 -59.22250382845458 20.53941074817605
0.11190834699999999 19.23359811785135 0 94.51170414541211 -62.43365614843711 19.346343499214353
0.140325292 19.788222444605875 0 94.214461779694 -61.32956745251143 19.877193457357404
0.13801274800000002 19.796854794378437 0 98.4864199672974 -63.25857329875644 19.83795530096067
0.19322247399999998 20.799033137520688 0 98.14122865207847 -59.83240818265619 20.641256201083106
0.17607758 20.67838263654949 0 94.31822516764608 -58.64842652576951 20.417530457784952
0.12699687199999998 19.653897664141898 0 89.63349838337787 -61.31858663626863 19.642156998713997
0.170726829 20.26616112037714 0 96.8176265635309 -58.069342700380616 20.343559523738843
0.155594381 20.060862063228562 0 99.58485619015244 -60.47599330942501 20.122056981575984
0.080885207 18.704884160280784 0 93.82596747440728 -58.40999007062412 18.596415960738707
0.122890117 19.587771099715866 0 96.90479553482001 -60.066856006041085 19.565061779123486
0.08339463400000001 18.713124550923222 0 95.09991980273477 -62.14538292831506 18.66647246577099
0.12425156300000001 19.678162188299503 0 92.90834595343671 -59.632976530618556 19.590884525253454
0.09348101 18.967295307649973 0 93.12260429374653 -58.391541070210216 18.92918269632835
0.10247952199999999 19.07761794461021 0 95.5151746657663 -58.975877979904155 19.14176163132436
0.190986763 20.79294586586571 0 93.76111092970737 -57.180985791745705 20.613150200898385
0.101196621 19.16756269371303 0 100.68379194978296 -61.24397802399602 19.112561548474797
0.153063405 20.03996414398033 0 93.65116204448253 -58.34091799255341 20.083064227670302
0.10126357 19.025318577043688 0 96.80948520807672 -60.26951659591329 19.114094011485772
0.180666181 20.675740015606948 0 99.97527332220339 -60.52945402148759 20.479321952869302
0.165594455 20.28623259049174 0 99.11665858921513 -60.07988278460678 20.270555648057798
0.185283163 20.46533887946559 0 97.22766479882948 -58.12599189110018 20.54004393125413
0.098400475 18.975197576570125 0 99.4395831931839 -61.76061744019886 19.047685176091637
0.16851087 20.334878283379094 0 97.2942670243744 -61.481327722868336 20.312292966780984
0.17623374600000002 20.487844833264862 0 99.12043695339594 -58.55067694647889 20.41965786619718
0.147385526 19.985907542555427 0 96.48428745321146 -61.2976773836269 19.993355399073284
0.163555094 20.273718158452894 0 93.40603825818997 -61.870744565831295 20.240962009663914
0.144482529 19.89502266972804 0 95.51534506021895 -60.4045752591234 19.946235381042793
0.176366771 20.26713036181947 0 99.38765997686266 -60.36238490600333 20.421468651577033
0.085324939 18.586593804983004 0 93.7782947732288 -62.35921711171571 18.71900771770196
0.12292537099999999 19.592521992680382 0 99.44707168007125 -60.66050477081627 19.565733828938516
0.11429103199999999 19.273795374535656 0 96.85542628590574 -57.96718242406831 19.3954635428306
0.146012571 20.01855293783756 0 99.12220839682756 -62.70125036891565 19.97117931349707
0.190224298 20.56944536326758 0 92.80134906407372 -59.73896635196973 20.603495271875328
0.167492007 20.334055318156746 0 97.18455429366652 -60.73303484510081 20.297788686495405
0.132399614 19.567133349109568 0 93.83259129677198 -58.16379473836393 19.74009366858324
0.084109037 18.68485224649882 0 94.03421231652669 -62.138463132217964 18.686049399937215
0.140329334 19.735058229709754 0 93.16762363968991 -58.63408375164697 19.877261509141743
0.059591312 17.843572961239193 0 96.78734487559748 -59.33523935982633 17.90094459412543
0.154318672 20.13127795826677 0 96.57521273929235 -58.41943416517121 20.102477630048707
0.19376671899999998 20.44727140546887 0 94.72573087579923 -61.517700867045065 20.648052550236226
0.149980731 20.027155258997873 0 94.8673997801413 -58.255443435259544 20.0347517492534
0.179975788 20.48271250138495 0 92.93069699827483 -58.515854983807756 20.470118601670062
0.19360890100000003 20.697124750223107 0 94.12783032509354 -56.95623958801258 20.64608359250268
0.12148141900000001 19.399593443267054 0 100.49260160647573 -59.8504572046092 19.53805831481407
0.165964093 20.286534122415397 0 97.64010553566573 -58.24189288796807 20.27588324305022
0.10895292 19.22171600712514 0 93.7721840124409 -58.80504068677665 19.284027454124196
0.19410202399999998 20.70934663384501 0 100.04594477783344 -60.89710844694902 20.652230937247356
0.166552898 20.21394268968857 0 101.48175789829718 -59.86459904316558 20.284346954844043
0.158103489 20.15485759502702 0 94.44234138745176 -61.220192672842686 20.160133840487656
0.05007471 17.537407196339643 0 90.12208430484414 -60.80759904304716 17.508479582521044
0.13573526800000002 19.691141184704634 0 97.38934429014641 -58.723922509925096 19.798706229440892
0.155057049 20.225644609559406 0 99.25358285326055 -60.590302584349594 20.113828407625856
0.13453452800000001 19.777792263885658 0 98.20655774995171 -58.13410369484353 19.777764357783713
0.17030025199999999 20.36155993154078 0 92.4399516601988 -60.31445193599122 20.33757006088756
0.093352135 18.855931816978764 0 101.61943588465539 -59.103868900820544 18.925999440180764
0.12448619300000001 19.55268252471152 0 93.28870187369729 -61.495324302806935 19.59530792176579
0.082092724 18.56492089075105 0 96.82995144873152 -62.75875734810369 18.630381392948305
0.135237271 19.750567607108028 0 95.56121842128341 -58.43245426722967 19.790041894758996
0.166655834 20.39409739226858 0 100.642107600766 -59.550924499457956 20.2858237398062
0.13662961 19.89224696072079 0 94.90479225066407 -57.46556679531603 19.814191883094733
0.113291053 19.415507702221877 0 92.03934277071815 -60.14340645208854 19.374967180577823
0.18388269699999998 20.61225804934403 0 92.4991939476073 -61.03240976124264 20.521774756542893
0.14199715 19.949627057777523 0 100.22626160591662 -59.06012309183287 19.905185950112514
0.169743404 20.432922523248788 0 101.24604065119965 -60.03192653903945 20.329730489527247
0.11467214199999999 19.286630489182194 0 94.6062333316775 -59.325697838560295 19.40323064000952
0.193974255 20.71777096994461 0 96.42039455874404 -61.04560555859547 20.650639538329035
0.14090571300000002 19.746506701768364 0 98.46850417427032 -58.08212841590731 19.886946808067076
0.190131357 20.565676211051418 0 91.91460825397847 -60.311727938260425 20.602315931133948
0.09395348 18.837881773145234 0 97.24576028013382 -61.6971859181873 18.940817355853905
0.122671092 19.758002814304444 0 95.06223248202686 -59.25172409459798 19.560882425224317
0.19314048399999997 20.606804331569702 0 90.50528076970599 -60.68962581341917 20.640230802249473
0.132011111 19.58125094147835 0 94.70972068807271 -58.93308001863303 19.733177368799456
0.17656403 20.517052318396487 0 97.37374396126543 -61.88243533724044 20.42415148216696
0.165873605 20.327576471004434 0 101.04126392843271 -59.55257892877452 20.274580059403302
0.191773078 20.62786436256679 0 95.42320091592303 -61.39180819411291 20.623069832528348
0.145127446 19.96141784864117 0 98.15481450439371 -62.69981643618409 19.95677925201557
0.185348874 20.529884053973152 0 92.41194549574455 -58.90499546146381 20.54089798936408
0.129233887 19.79752880172579 0 99.50850621092525 -60.09526937308883 19.68317301953333
0.09169992099999999 18.90042603383345 0 97.2236069462284 -62.938735862848155 18.884815456803143
0.17088190399999997 20.25896356018131 0 96.84636361850328 -59.987891420840846 20.34573344893285
0.192505168 20.68456025694813 0 96.09891923515242 -59.57224674547618 20.63227160946929
0.18020987800000002 20.27770809880456 0 99.91429246837762 -59.88464031063135 20.473242824032685
0.08622931199999999 18.88621329882219 0 93.70557538689238 -62.27190048185609 18.74323299952894
0.166727038 20.33928723404027 0 96.68837821191336 -60.802665216389315 20.286844781389643
0.046727171 17.34631740635222 0 93.96345691632189 -61.17018139836305 17.353035717093146
0.10375115300000001 19.09749771878904 0 97.19628440040158 -59.57801771011431 19.17036599156759
0.177078347 20.266283567549625 0 92.07253908861158 -59.378923727589324 20.431133418421755
0.130732503 19.67421771571546 0 94.61931346317732 -58.627440928369076 19.710279562946237
0.18684183699999998 20.7220268103002 0 95.63189702691423 -60.68676717756082 20.560227098242454
0.12407756199999999 19.5497011711173 0 96.84908161969183 -60.15104448570171 19.587599077262905
0.173303658 20.22401336037778 0 92.20377837967203 -60.260836948730685 20.379447288682837
0.160550952 20.14992928610605 0 97.51951273823164 -59.71847297408504 20.19673690256496
0.193252564 20.783074586295815 0 96.54776731787916 -59.225393952298866 20.641632417317506
0.133536726 19.828190999584116 0 100.17951110257987 -58.767345527268674 19.760228308511696
0.078854326 18.409493757533845 0 93.29492127887579 -58.274635892381845 18.538184550901345
0.199117557 20.686013977375612 0 93.31519474034752 -61.516904182108775 20.713947441293616
0.171627423 20.48999914713833 0 93.32822079421456 -62.04692109967153 20.35615902554518
0.19585455300000001 20.59089152613153 0 92.61034728930262 -61.7589129521458 20.673961899645168
0.080273339 18.577449525910207 0 99.42646047702102 -58.399031276817034 18.57902010061426
0.05951902 17.97816537735299 0 92.63503001551615 -58.5568381112785 17.89819824901232
0.171377625 20.30901609519547 0 99.1095453375667 -60.78313785458931 20.352670463799473
0.079082771 18.49075918710598 0 96.61199814912267 -59.35575996234106 18.54480574023182
0.10632618 19.193621638184197 0 100.3613717208432 -58.97398583299758 19.227288192638223
0.15615839 20.222709783085808 0 99.15224353692598 -60.69211360297001 20.130665650444495
0.16915988399999998 20.22827213140745 0 91.8897657643325 -61.32076996220515 20.32148973850202
0.136036198 19.78536756260466 0 93.77023365809411 -60.283938738325254 19.803927507035848
0.08583156300000001 18.982232063516708 0 94.69626402687881 -61.27999616296689 18.732608502582746
0.10767791 19.26144129804028 0 93.61824916648638 -57.76519341908781 19.256649647957214
0.16236696 20.371232556059624 0 91.11356121805039 -61.17735481979962 20.223562111294978
0.179600013 20.509689922679616 0 98.96895435985297 -62.291389684266434 20.46509552779462
0.186676338 20.543941149922308 0 96.01520069442552 -62.053927716864685 20.558091479948853
0.197684151 20.729335268963183 0 97.24466451142203 -61.63934040160748 20.69645739448421
0.123173782 19.492606690826804 0 99.27047782735657 -61.7519806309253 19.57046418101056
0.110763808 19.32551965478464 0 94.46926546329337 -57.68969080231302 19.322396823560634
0.107055916 19.089653272982304 0 95.55584237876337 -59.100518721581814 19.243182562116882
0.129006912 19.602415962435987 0 97.94234526542775 -60.54254079926136 19.679041882788635
0.19155194899999997 20.533400088200338 0 93.51506768529006 -57.54675051087521 20.620284025946102
0.19972794300000002 20.649207645929334 0 97.66667777024868 -57.99400894495788 20.721359887029376
0.08569347699999999 18.64166315846157 0 92.38423078280165 -61.914471196688694 18.728909049048763
0.15629511699999998 20.027243598379698 0 95.77489048395203 -61.78133872961633 20.132748200662927
0.16031968800000002 20.186348923793265 0 98.09553868859166 -62.894352749957555 20.193300533576316
0.187818524 20.561874365490095 0 92.23260138995236 -59.09764463792517 20.57279480962772
0.135858242 19.698492875751274 0 96.02772363158319 -58.50661275103059 19.80084119439056
0.161838466 20.189828198979257 0 98.79000223285882 -62.76346594670336 20.21578436792431
0.114382249 19.49999448840221 0 96.45790627074622 -62.58971828615671 19.397324781672257
0.140570807 19.919668819713465 0 93.85855720219642 -61.32024018501439 19.881323667220837
0.080694528 18.666773410756353 0 99.5445811080027 -59.554602451314906 18.591008317994035
0.134626133 19.938048361330488 0 93.88162418357909 -60.38340288041465 19.779368176548314
0.167503875 20.317249296445773 0 101.37133959979258 -59.64491922764954 20.29795810786339
0.132441602 19.691798717683724 0 92.37281539390409 -59.34386994348308 19.740840018276227
0.127417321 19.56897089842634 0 98.43807158293508 -62.17558404828547 19.64991745103347
0.108225294 19.297786374556434 0 94.87499488071751 -59.77740829739019 19.26844070017361
0.045667373 17.356030904773405 0 92.97835937185819 -59.33851220042125 17.30156713594071
0.177595012 20.317424839687973 0 97.05317069823151 -58.83172184606682 20.4381283107325
0.19890809399999998 20.658811979170824 0 94.91003782340312 -57.963700116889186 20.71139890736921
0.068362745 18.230341164074755 0 98.26126457636937 -58.84766867387488 18.212445155725046
0.136131376 19.854072899195533 0 93.73540768848818 -60.87748877749005 19.80557663991252
0.127737927 19.54966378408807 0 100.39955271041423 -58.904521740656484 19.655818918538802
0.182850173 20.368867623559023 0 92.41092168126848 -59.7518378818228 20.508222641472504
0.155598621 19.881893477660704 0 99.30991718361834 -63.057730999410126 20.122121806577663
0.132033895 19.724452098020507 0 94.70554717453324 -58.97960044307885 19.73358350562501
0.18768685300000001 20.720827858727873 0 97.17915487379858 -58.627494202081635 20.571104042569768
0.19589781 20.465688423567187 0 96.69053982809412 -61.94883314079347 20.674495998102156
0.091883416 18.832191847038903 0 101.92093334131576 -59.75364230534507 18.889423973320415
0.18360779600000002 20.597929248101934 0 91.697828707815 -59.592472357308985 20.518173520546515
0.145237387 20.06153020724256 0 93.30928028883824 -58.80679733544054 19.958572331303312
0.139609949 20.022266247864273 0 94.87759517894642 -62.196806855674474 19.865120862100735
0.168018392 20.36615112071828 0 99.24864252532278 -59.940589229817796 20.305292378796533
0.080572614 18.614224976585646 0 96.2696114167549 -57.8982425452585 18.587544454364416
0.096661568 19.053634919279244 0 97.02341374903244 -59.711903414332824 19.006452598801733
0.17528864600000002 20.48797915719036 0 100.55261113074064 -61.65358526490504 20.406756176838595
0.129279019 19.863693575039772 0 96.92322311030678 -59.390841064482935 19.683993649003963
0.158174275 20.143370122336247 0 91.9928340982685 -61.36847071902485 20.16119986694032
0.167669269 20.235612150062213 0 100.74271799564123 -59.58874074924955 20.300318025801683
0.17811697199999998 20.387890308983472 0 100.86863031761769 -59.544019269502115 20.445175745367575
0.17022366600000002 20.510817326269176 0 98.06761064892433 -62.77343070833534 20.336493260277667
0.17013481600000002 20.317369471885023 0 94.58229381109673 -60.84882814722928 20.3352434635358
0.067973597 18.22410881400888 0 94.8334818495423 -60.94640589637459 18.199461683378953
0.177951463 20.470714365592787 0 101.27534542397404 -59.09144871624546 20.44294314150496
0.126082748 19.70285048810746 0 99.97957070206739 -59.5280919307113 19.625200988729294
0.184701146 20.502196706332832 0 96.89392812666271 -62.762250043060554 20.532467071811954
0.173968973 20.340838643389787 0 99.48973731293903 -61.52186485001952 20.388632704597388
0.17673540100000001 20.412487224952866 0 91.30811990688657 -60.391713466445104 20.426479965078027
0.192019907 20.59976281494633 0 98.91244865202248 -60.905585801052354 20.626175900568715
0.122044637 19.489555673203068 0 96.36117036834867 -58.92801138090484 19.548889821212573
0.131828532 19.84976343734822 0 93.62206786515907 -58.45932705434652 19.729920427550123
0.11539312300000001 19.265407862415522 0 92.7686991570832 -59.05123821127133 19.417858102784503
0.17765184399999998 20.320856366070995 0 100.59139947684353 -60.18504888407799 20.438896580372873
0.182420353 20.444644578632452 0 98.37709271800686 -61.855920839472226 20.502560234509
0.065806277 18.239219005189447 0 98.08583147782176 -62.088555034815805 18.125820229198222
0.16390442800000002 20.12824012359485 0 98.90847462747827 -61.29529068049576 20.246055545727526
0.168611581 20.370652169500033 0 98.28700796329844 -61.486408110731674 20.313722234497714
0.175423565 20.568499659837943 0 100.21497609408634 -60.93680687813904 20.408601918931662
0.09308912800000001 18.981812965573628 0 93.8505080722809 -58.41747893788417 18.919490117599043
0.04434942099999999 17.23698956663146 0 100.5990225277443 -61.27814430817987 17.235919664581854
0.105146246 19.286004068526704 0 100.19754340915625 -59.749672673033956 19.201368755253338
0.078566192 18.35255592653049 0 93.29624731286279 -57.79020114088253 18.529807189026936
0.121949519 19.554193708322227 0 97.19168905965613 -59.363743290916204 19.54706386406097
0.17407549100000003 20.52569823178386 0 100.25238243987903 -61.23372792722471 20.39010027505753
0.11573217599999999 19.34710765017147 0 96.17831893718743 -58.66667199036359 19.424707174468292
0.169037701 20.357031215524835 0 94.42951260079968 -60.17201896352082 20.319760867611027
0.17211542300000002 20.39063711989377 0 93.1833517702034 -61.238085082784934 20.362960621891727
0.195711268 20.62260270623958 0 97.82774064839946 -62.09458604544837 20.672191965763613
0.17184251 20.340147970542247 0 92.72645216615535 -60.959550038033186 20.35915905363873
0.124315196 19.612727093838814 0 91.99676832075205 -61.227353919074325 19.5920849504169
0.109576458 19.183804463123003 0 93.7848896342738 -57.55109182681918 19.29730653924153
0.17484086 20.473039541627255 0 95.39081680952593 -61.64538837199851 20.40062083345995
0.17233679999999998 20.381232450500494 0 99.09854007301077 -62.004089912135775 20.366040204713993
0.126251314 19.625939422273998 0 99.72389188795255 -60.548435264159224 19.62833636299771
0.160132819 20.19990991154046 0 92.24271380365802 -60.148225264093064 20.190520461347905
0.114560704 19.410709484051434 0 95.28370646482165 -59.626873937759164 19.400962030000994
0.10982339999999999 19.172078038018714 0 95.2420235394584 -58.957028379616084 19.30254580368344
0.079287741 18.692466933021798 0 94.23801042115196 -58.36925978870034 18.550731015778897
0.188368987 20.68694070922573 0 93.35071570810749 -59.48346677711772 20.5798513525128
0.169147678 20.358021916077522 0 94.90164772036037 -59.45546405034163 20.321317077630223
0.113798693 19.30490741623747 0 95.74672122056943 -58.9232810989434 19.38539337895359
0.17334101100000002 20.264375748673515 0 93.17358727333566 -60.13681959260743 20.37996385521861
0.155738388 20.09523128485996 0 95.19038610359904 -59.519821473147104 20.124257771689354
0.168206272 20.36448927789263 0 101.08638868484107 -59.427582907421616 20.307965344918966
0.085781306 18.504483896524157 0 92.60964241065601 -61.94560159731966 18.731262726525923
0.181022701 20.624671456707546 0 94.45958392533137 -61.09435662986737 20.484061816168666
0.165189734 20.246904241857482 0 94.96003627139727 -60.631680109877166 20.264709705773836
0.132053934 19.790474791185627 0 91.43981072070888 -60.01847870696388 19.733940657100344
0.166065322 20.293535146276504 0 98.69541147960811 -63.25229204298471 20.277340333054024
0.124703075 19.52058297176001 0 90.84916067805916 -60.28745862392413 19.599389763902547
0.172700995 20.27035738088791 0 99.83213467402918 -61.64506561085041 20.37109854995271
0.161539345 20.299999830457566 0 98.01374113106583 -59.657235122419515 20.2113717831536
0.196313551 20.523916421615326 0 94.83960851291546 -58.067009662951364 20.679623637112936
0.121693339 19.67912797197332 0 97.0948910900805 -58.325947572727294 19.5421393739275
0.12535212199999998 19.560807322341017 0 95.42752191024684 -59.454330171936896 19.611565495133437
0.19910357 20.798310893138073 0 95.01227834989608 -58.09143362206107 20.713777338893788
0.18551207 20.74208282293267 0 98.42004401267127 -59.41652452381848 20.543017865185984
0.169260427 20.273245685892586 0 95.47511658793991 -60.15278911366456 20.322911536690707
0.12465346599999999 19.680166908209607 0 92.25716509050272 -60.54476071480809 19.598456682753163
0.140399096 20.098365596235336 0 93.74018904228947 -57.94456327564636 19.8784357450843
0.078344272 18.460631261381724 0 99.47807897132954 -60.67407161498161 18.52333494856013
0.13851805 19.952584554478168 0 93.76486169870913 -61.332539779538614 19.846581254317226
0.19376671899999998 20.611960828891146 0 94.72573087579923 -61.517700867045065 20.648052550236226
0.090451405 18.981658194298806 0 94.39415728112024 -58.823027267233996 18.85322418547938
0.180471068 20.293836111387844 0 100.2700694152799 -60.94907336839101 20.47672429057135
0.18282828399999998 20.596950394739654 0 98.11502811246568 -62.435910360687124 20.50793457622886
0.183139645 20.561168102091216 0 98.84323260124418 -63.035780388696736 20.512029168918456
0.19918936 20.668001963774415 0 95.40000840628593 -57.762689792806654 20.714820496980334
0.167992815 20.491316955643406 0 96.97367188589584 -60.49074206115581 20.304928280390225
0.153256557 20.155213416656768 0 97.69628564782802 -59.91979430489079 20.08606106922063
0.16392883 20.111019492731334 0 99.28668260659352 -61.34036213220191 20.24641096670076
0.12680777 19.752349453780436 0 98.88836303534173 -58.69563638534398 19.6386587789295
0.18417959899999997 20.56140041253713 0 100.51914877354457 -59.798492476529226 20.525658607990206
0.161526007 20.24747503634264 0 99.51486246575227 -61.30761172417783 20.21117484611148
0.066704578 18.300400428737746 0 98.07570461216022 -59.91855378387367 18.15662122844685
0.13825236800000001 19.959488529058703 0 94.35847864229034 -60.96820039512529 19.842049503680816
0.194370472 20.578422002517105 0 98.61153821907146 -61.944771511064744 20.655571377201657
0.187760596 20.44915825555667 0 94.38145907566357 -58.68114625161521 20.572051100390073
0.179259677 20.366440894022073 0 93.74578969580946 -57.44152783759258 20.460537756884445
0.170876867 20.19737865968168 0 98.28121834336214 -62.19898409636389 20.34566286634207
0.10598529599999999 19.126661586234086 0 97.13930830556095 -59.22160933909833 19.219828067492617
0.159608578 20.06205223894168 0 93.76431169418531 -61.33134757639135 20.18270511650832
0.138052602 20.083241939152966 0 92.44631991326379 -61.56855466976947 19.83863671644332
0.126763598 19.658786665658806 0 97.76531497317781 -59.91935526327917 19.637840930708716
0.16663720099999998 20.245167939355458 0 99.77002637493057 -59.96233976454706 20.285556481865182
0.122801878 19.45113873075223 0 97.16778412749372 -60.119216284800586 19.563378877652585
0.189058478 20.6389982246393 0 99.36416700581412 -59.70807968649025 20.58866324166107
0.164456426 20.156704125170105 0 98.93135078380075 -59.572657516230734 20.254083520440997
0.037417148 16.682780991102753 0 94.79576383657869 -61.47910749472448 16.85594762516556
0.144180099 20.00700397780467 0 94.85699150489043 -59.33127327376137 19.94127574637532
0.183116196 20.387600693343934 0 92.0681891709572 -60.449204894040484 20.511721024605155
0.145807614 20.06090717286106 0 101.25012119578439 -59.150036686368914 19.967852143173378
0.167522914 20.221055120281324 0 96.85547570939795 -62.61630846354678 20.29822987537761
0.167655382 20.368027074674554 0 97.14204268467334 -60.34590295242575 20.30011996289723
0.192637064 20.64749648398342 0 92.24039189444014 -59.97670987978566 20.63392599069528
0.164300831 20.262650619135318 0 98.08904036628543 -59.75628877543525 20.25182316627797
0.10945269699999999 19.310957585456716 0 94.40739490150885 -59.19309736791864 19.29467656242137
0.183905058 20.594836246211308 0 99.94575163568172 -61.115659959832016 20.522067468834496
0.10843729199999999 19.327099449947887 0 96.91549842779645 -58.38776830807804 19.272992175311995
0.074689264 18.54224506681793 0 94.75643200336718 -58.71678355731715 18.414139857363207
0.163476864 20.099678658071262 0 100.20173649489165 -61.92795909739667 20.2398199744563
0.14789814699999998 20.017706120856356 0 96.08040661465775 -61.62385978474112 20.00158588536335
0.193478015 20.668685322936888 0 97.30606334698048 -59.696930264652416 20.644449514801533
0.190114637 20.49410380024782 0 95.31628944570278 -58.15001629906544 20.60210371217546
0.157850155 20.14239548646551 0 97.7188345931893 -62.041590013003876 20.156315023777292
0.13812387199999998 19.861409299993344 0 96.87359378116747 -61.19004223055299 19.83985481752985
0.16893126600000002 20.37760837309703 0 96.1130416699326 -60.182078128569515 20.318253881988877
0.180368303 20.406520640707836 0 92.83331614337018 -59.7019533642079 20.475355068172714
0.121389933 19.556325216390025 0 95.01351927536227 -58.98707491738105 19.536294450791484
0.10562248099999999 19.309420166210025 0 94.02597282543151 -58.44720760668859 19.21186304945522
0.187064638 20.62856140711518 0 93.88850347463048 -61.254648437700325 20.56309938235427
0.158039696 20.270449189885614 0 98.38941251415677 -61.21251289122976 20.159172746749082
0.080862835 18.78123636866517 0 94.08422436445332 -57.26966029648717 18.595782122412796
0.079184685 18.681693426718226 0 96.1188281640111 -59.91831139354178 18.547753701391795
0.08361828 18.590151985263518 0 98.9473866556678 -61.65784818782735 18.672618207073423
0.150427015 19.86974050447126 0 101.40338867039537 -58.865040056774994 20.041803042190583
0.18425468600000003 20.517785157981717 0 97.85025506732079 -59.919705939609074 20.526639921071347
0.16796665600000002 20.21212508630283 0 96.47419860191074 -60.99339727592996 20.304555843698235
0.163362175 20.20363252622694 0 100.99617610063456 -60.63606678125452 20.23814477583773
0.14062635099999998 20.06114519469306 0 94.17652884565109 -61.341882234335294 19.88225712823421
0.185436218 20.673398986605225 0 96.57615175638072 -59.00051347935315 20.542032781408263
0.147933433 20.157575857825435 0 90.83483208080993 -60.20782070488365 20.00215144671915
0.145521306 19.960588457646807 0 96.53868822967348 -62.27604175261347 19.963197042511066
0.166697238 20.08963588284369 0 92.50899575625179 -59.95472169088727 20.286417508671885
0.10914963 19.4331577864003 0 94.22264449269029 -59.10932008424187 19.288224385470794
0.115904916 19.386284523896315 0 95.91649390134012 -59.93443862294189 19.42818936335753
0.066324742 18.10881533483964 0 97.07283472703834 -60.00893246015151 18.14364627918791
0.038858019 16.916193237822785 0 102.43833065764117 -58.81103006308619 16.94026919825067
0.17391599 20.637576413088517 0 99.12850500130472 -62.14096631262661 20.387902411330007
0.129422284 19.760712646891083 0 91.54776967881843 -59.49306621815811 19.686596839672088
0.088043929 18.88122345106223 0 95.14575917930397 -59.41442242906077 18.79112012365167
0.187494976 20.570785872583638 0 92.70475892147371 -58.488184261731135 20.56863821140917
0.187234412 20.642669434415545 0 97.50651694152747 -58.5075512663582 20.565285931554218
0.19435330399999998 20.691762349858745 0 95.71686687632905 -58.91242058311827 20.65535787455249
0.17112376 20.45008422631221 0 94.29430554458563 -57.9107593070371 20.349120262337227
0.142081559 20.041213255189763 0 93.4957693879015 -58.70205910806295 19.90659105534979
0.183332954 20.618131262364773 0 99.35593675809824 -59.26685930925639 20.514568058291186
0.15305385 20.095202858515083 0 95.48332565438129 -61.51700811979993 20.08291588598758
0.151414073 20.137896860883412 0 101.46667667737434 -59.13832696769894 20.05732952596031
0.132266107 19.714530649358426 0 95.2363829973299 -57.715761613740405 19.73771906583433
0.18910427100000002 20.583781399538353 0 94.21845845613049 -60.90517463701797 20.589247434617914
0.199478582 20.910615830879568 0 95.44146764141843 -57.42930719294374 20.718334214800972
0.133036719 19.874406380189125 0 95.76508709733994 -57.43449514987208 19.751394636909357
0.19878718899999998 20.768248727783703 0 95.64313689092697 -57.741280444746316 20.70992672761538
0.174282126 20.454310135824617 0 100.3516247930212 -61.68066525076049 20.392944849485705
0.197905613 20.596521278950778 0 92.76072457850559 -59.6931935242735 20.69916726181999
0.104438277 19.03469656330787 0 99.19951447992015 -58.47553428677586 19.18568467084803
0.181768757 20.448814581659054 0 99.61195633404209 -61.37508923094971 20.493952540987717
0.14350049199999998 19.836884986274598 0 99.51784090534706 -61.07111064567688 19.930095129288237
0.169072253 20.247723512353186 0 95.63402639811068 -61.76891934859398 20.320249890879392
0.17804518800000002 20.30046953756436 0 97.74756510422871 -61.12060709714383 20.444207664458066
0.138544831 19.812969307334807 0 95.32127828573587 -58.34657359366532 19.847037607908067
0.17120648800000002 20.357921581953406 0 99.07071830358346 -61.217890055654564 20.350277717636633
0.185547105 20.515228829750228 0 98.58499818919714 -58.82518538053358 20.54347273590174
0.050363477999999996 17.54131017273223 0 91.68624463481312 -60.848888652235175 17.521413237238075
0.168989434 20.250968788412447 0 97.12606213912161 -58.19615750566385 20.319077576934315
0.11524036800000001 19.426702258647072 0 98.98721047168438 -58.444734116752294 19.414766167057717
0.055784372 17.76794560545555 0 99.76812809758978 -60.16954693220434 17.75175947357314
0.154895346 20.102433387568816 0 91.09976455771913 -60.009052597560505 20.111346925317466
0.162221062 20.26640134598572 0 100.3666314928463 -59.388867587545946 20.221417315202995
0.08602928 18.865762107388 0 93.83826000517793 -60.61965052372744 18.737895676037805
0.17927749199999998 20.43129825068639 0 90.97086293950287 -61.42879166958972 20.46077653387766
0.093371654 18.927956398903518 0 97.51970834817683 -59.28981719044826 18.926481833966616
0.158271 20.057283195836323 0 93.44885099054719 -60.00047930242732 20.16265581281331
0.114324309 19.387377919175375 0 94.01452392917366 -57.48335221750244 19.39614270601997
0.12985606 19.89648553650505 0 101.42492725808523 -59.83665253939179 19.694462304271955
0.12274929999999999 19.52083774553184 0 94.4778021306787 -58.33000279689878 19.562375565463906
0.125174308 19.58642275407702 0 97.04834951817251 -60.148517235297916 19.608235708996357
0.163750288 20.37647001667971 0 99.09269195886186 -58.29886087904563 20.243809321769913
0.16902604100000002 20.53334473249176 0 94.95458552955398 -61.25612647331295 20.319595819697494
0.152707356 20.02891688592412 0 100.33493092064599 -60.40041120557031 20.077530714217357
0.08735254199999999 18.677037238710867 0 96.31706184290562 -60.213035514335985 18.772986345502378
0.16784249199999998 20.308293124929538 0 99.02928107664347 -59.427061832768004 20.302787333097537
0.117084064 19.629381856510186 0 96.07730237026638 -59.56245586008916 19.451829600847983
0.152864469 19.97951683958668 0 97.59045599526182 -57.946961905946516 20.079973957245347
0.15792909300000002 20.124394695095457 0 97.82681287918822 -61.97750554399522 20.157505565614965
0.132626099 19.791404963980813 0 91.76364532455005 -60.21380076778793 19.7441168845293
0.124245831 19.5772180297042 0 98.40909028870502 -61.164039015267974 19.59077636375495
0.125384564 19.608940523854805 0 92.80392573173944 -61.8443645563758 19.612172533165097
0.136992331 19.886671019947542 0 94.63423301040663 -60.62677037781241 19.820445420206706
0.17174611 20.421181461413227 0 101.23470912120644 -60.68641608203768 20.357814900325298
0.17670143800000002 20.475313868717077 0 96.3079134427241 -58.52012976096579 20.426018663391755
0.179129722 20.442008376829907 0 91.26719306906752 -61.54176748940151 20.458795285276945
0.15024507199999998 20.09289546481448 0 101.08397645900007 -61.09799698423704 20.03893069957257
0.124668555 19.82896906301179 0 96.99003067306893 -60.753503562358084 19.598740524228266
0.126349509 19.76940325770945 0 100.62962530003165 -58.958069880710816 19.6301610066015
0.085987164 18.864789731811133 0 97.1050087233214 -60.60369360813282 18.736770417227003
0.145325924 20.04732857030466 0 95.46057910789395 -60.89320396494337 19.960015401544187
0.197606563 20.813000743040554 0 95.49717712264166 -58.638732639745896 20.695507343050746
0.182841598 20.614437328659005 0 98.15175198064902 -60.299858392721994 20.508109795929098
0.168002987 20.293870381097687 0 99.29594690789644 -61.252124752065825 20.30507308888181
0.19978169699999998 20.69890699561672 0 96.68590663031362 -61.018186797557725 20.722011664389758
0.137061725 19.73052928020004 0 93.27017579614711 -61.67069246439406 19.821640050145778
0.18563724899999998 20.669234712139133 0 99.64040416740426 -60.94451674873891 20.544642738863327
0.138898147 19.79628574791138 0 92.13455093717319 -60.767296107793825 19.853050470350606
0.17749963300000002 20.436640884484884 0 93.39105363892608 -60.09205613844997 20.436838440044912
0.180305567 20.486189132158177 0 100.4403608993564 -60.683391634161005 20.47451882932101
0.169321815 20.366949292831816 0 98.02338031692993 -62.36654307953449 20.32377925061186
0.18071302600000003 20.491633804084575 0 100.7669307033249 -60.65507437499263 20.479945242600618
0.17121428600000002 20.275216737343854 0 98.58164712406645 -62.84191137281772 20.350386793403214
0.19683921199999999 20.77139478567241 0 93.8277903826737 -59.26664391455832 20.68609263833397
0.106280576 19.223141338921753 0 100.21641742854979 -59.73974230671218 19.226291475378698
0.114469229 19.39072296376895 0 96.1735522059816 -57.556824452878374 19.399098264781824
0.179577997 20.470440772572115 0 93.22497195691544 -57.907693759127994 20.464800932518582
0.198122353 20.770078088125892 0 96.41549538408428 -60.4195095618323 20.70181663518684
0.18739092699999998 20.524893295396737 0 97.37145214798656 -58.745078504797945 20.567300089368484
0.085360417 18.66532859991199 0 96.04990450307834 -61.20125130111688 18.71996265702013
0.19086602600000002 20.619316958193277 0 95.39615071387807 -60.95275400484773 20.61162371517234
0.168251857 20.230677945417767 0 99.98800926660188 -59.03056383202305 20.308613463807557
0.18811344100000002 20.606894492611012 0 98.31323852163818 -60.98490332792748 20.57657781361762
0.124698291 19.63249559999358 0 93.10614522761246 -62.21175376368041 19.59929979823475
0.14893392 20.2628548799496 0 94.17255498762081 -59.368808730611846 20.01813501381668
0.116487731 19.509713328887596 0 96.50543243543747 -62.76587780053481 19.439902127202036
0.12026878199999999 19.670242171464565 0 97.01172959460145 -58.32642411514188 19.51457640114604
0.073837849 18.341914280000555 0 97.80052238014427 -62.24609126668396 18.38797052195056
0.161818149 20.186089821430638 0 98.22170028715871 -60.18685718055604 20.215484895127158
0.128994463 19.689586243623218 0 95.0338607611185 -57.55091351590553 19.6788151033393
0.14038403 19.969208733650184 0 93.81307291123363 -61.08845093215414 19.878182199941943
0.08439289800000001 18.60492385156663 0 98.57729222594722 -61.04375998117507 18.693784162132683
0.08339294900000001 18.640448760451097 0 99.74269674382688 -61.570559920969615 18.666426102781255
0.179943305 20.419431642395054 0 100.16712082215238 -60.49754567347476 20.469684777907748
0.088080399 18.65407655590521 0 96.83341011509516 -59.30320312068154 18.792072898580034
0.10719975 19.07766447177425 0 94.90524585681302 -58.681881697115166 19.246303334121595
0.18262926 20.530343114778223 0 93.72596681554717 -60.68622999386254 20.50531389799264
0.12434937900000001 19.447525586724407 0 97.72314956027532 -60.81907158920313 19.59272956837005
0.19066778399999998 20.45503618617632 0 93.7361786097664 -57.380600641863616 20.609115388624137
0.057310556 17.660110574622976 0 96.14671120861942 -57.70129926434297 17.812712191438347
0.17426844800000002 20.284590158919997 0 100.7387925625222 -61.170338528410106 20.392756652471956
0.185604391 20.48376564481882 0 91.376747671025 -60.17037492570085 20.544216327119752
0.17182719100000002 20.36687397660228 0 94.65940839642802 -61.53808548221755 20.358945499981193
0.199548627 20.74601768455039 0 96.03968492590975 -57.64496754280992 20.719184473090127
0.140883209 19.984876689589175 0 97.61155986768159 -57.965365977344796 19.886569353061443
0.114512285 19.486060763683234 0 94.64256399710803 -59.763307778844215 19.399975687631308
0.1730904 20.29106185943919 0 94.37510601986689 -59.79663031932714 20.376496094576193
0.11799846 19.32153831502174 0 94.40924671475426 -58.66937705495601 19.470008181127465
0.126512625 19.700734037381473 0 100.0715266294353 -59.60473365979192 19.633189062128476
0.058358352 17.783109174714806 0 89.95631871774398 -61.43500111337289 17.853659303339025
0.176762127 20.229816017060507 0 93.23896900890941 -61.97234081397575 20.426842912546984
0.16845719 20.367621652860823 0 97.07504485703544 -59.818839660381606 20.311530828043782
0.190526924 20.5394371604574 0 95.84095581339598 -61.67448642466603 20.607331640209406
0.085574441 18.65115792837672 0 95.80827405571729 -60.01779989255413 18.725715405950115
0.113570307 19.438830741934726 0 92.57410637295017 -60.104703961984676 19.380708091843143
0.08501584699999999 18.673753146780893 0 93.64398667756802 -61.20961762206069 18.710672050279147
0.186760647 20.568400199360763 0 92.5209033788067 -61.99865786436527 20.55917963213245
0.178363804 20.691857832211028 0 92.72304924530918 -61.242696206153546 20.448501768609507
0.152073193 20.137539082221405 0 95.26763509856251 -57.29301148439139 20.06764505138207
0.17014338899999998 20.198675221254796 0 95.77179437398989 -59.65349457499384 20.335364080928866
0.083651765 18.69136293427289 0 98.55750105069706 -63.2863084160452 18.67353701912563
0.120713623 19.5588417253029 0 96.59789678406561 -58.520323843415575 19.523216194086697
0.170416918 20.284339643706463 0 98.86255356551305 -61.10922539114275 20.339209522813288
0.167460379 20.366298757329865 0 98.58407122128105 -60.07735826536738 20.297337127196425
0.10952374699999999 19.15317374348606 0 92.89176752756879 -61.22685332047887 19.29618674962183
0.139028596 20.004577673827598 0 97.20203133749389 -60.52584225546386 19.855266884118894
0.145753728 20.158388833706354 0 91.7184334770608 -61.6069815745941 19.966976659574055
0.123359975 19.44430410263598 0 97.30566631532061 -60.813562508341 19.574003877939976
0.045742937000000004 17.24372859792754 0 92.20025883640375 -59.94221691324512 17.30527503844915
0.17548825399999998 20.350454725176675 0 100.12733438509184 -62.20689195457502 20.409486421274938
0.153295035 20.060763858190608 0 95.86553199036766 -61.49904449071866 20.08665765240482
0.169441783 20.317023741931614 0 98.07766178995959 -62.09654502860278 20.325474144212873
0.196279536 20.59169936234343 0 91.86390910325086 -60.57681016371225 20.67920448267692
0.137554713 19.798952781707523 0 95.49679574163757 -59.70129186013547 19.830110668957953
0.12349897900000001 19.516323917062543 0 91.26596103995477 -60.74683392422561 19.57664319895566
0.157820522 20.073128674892946 0 96.2681240299012 -58.01866863548636 20.15586795614392
0.18780006 20.54822502607915 0 92.69064684790591 -58.94377973006104 20.572557782439272
0.103238071 19.094182825467428 0 97.77678778746984 -59.364146163017296 19.158864715792536
0.087896493 18.796692116783916 0 91.05365313516027 -61.07650419571657 18.787264544161925
0.183451175 20.549883865744704 0 98.0132657276351 -58.90800409352618 20.516119531458717
0.16815908699999998 20.459346175921553 0 97.78087689405832 -60.15393460710005 20.30729430559118
0.12768548300000002 19.54516188238231 0 99.27076785922655 -58.284953449733884 19.654854521252215
0.1626037 20.1883048658731 0 99.05307671908339 -59.00088687615026 20.22703853203971
0.134828502 19.768750858205543 0 93.62064614799884 -60.22677750668494 19.78290763032005
0.090969835 19.080422806628984 0 93.13533883247526 -61.93269136393918 18.86639202764454
0.19262384 20.567579962450896 0 90.72711342866995 -60.58432824946866 20.633760168388324
0.169047371 20.343688865975572 0 98.13704364932039 -61.62295927142888 20.31989773894585
0.052222113 17.56317004942475 0 94.5697205440907 -61.62263677445966 17.602981372513266
0.112243709 19.395659890868373 0 96.23758259135928 -57.62517960799768 19.353316392014083
0.17416489 20.193851534418073 0 95.96624640036357 -59.203253857003084 20.39133134219757
0.07405036599999999 18.31840867083593 0 98.33445746592903 -63.00794495527268 18.394529433551195
0.12472575400000001 19.547709932257792 0 98.59502365727005 -61.243658100041074 19.599816210483336
0.17017997899999998 20.45617003966028 0 94.31109741636615 -58.34086845848648 20.335878818634217
0.184768488 20.39810493328645 0 93.75635563478946 -57.389067222605235 20.53334487966195
0.138352138 19.724208265486737 0 97.86651210538815 -60.70820865589488 19.843752239825005
0.101535384 19.223714895445593 0 96.22698893882215 -61.17651029734664 19.12030600471589
0.198199748 20.845139866775867 0 93.6322482845245 -60.052868965394474 20.702762042037445
0.16036792800000002 20.219647741660477 0 98.3186766618647 -63.05357777809809 20.194017715967053
0.132089934 19.71335760700474 0 95.82995083417784 -60.37185800599493 19.73458215104412
0.140522003 20.0403942698252 0 99.13196248869245 -59.527218669494694 19.880503192597875
0.18812158699999998 20.632458769934846 0 101.86879682042039 -58.73714158040636 20.57668222724254
0.044582779 17.124227932562444 0 97.62234974122146 -62.2278028503626 17.247680093743508
0.14852603 19.909735859226103 0 93.94249030934752 -58.51731952267179 20.011630783582238
0.117716034 19.54429776045327 0 92.54792630085919 -58.6828219577094 19.464407622531372
0.09137231 18.889676912646493 0 92.91201873764307 -59.54136018862013 18.876565618253334
0.166755887 20.21140585436127 0 100.97721644844347 -60.736312205612414 20.287258351037618
0.169227225 20.419960078542392 0 95.80286777914402 -60.60620230484084 20.32244210752722
0.127045344 19.75505599492718 0 93.15781985807446 -58.536462977973024 19.643052900799898
0.142705786 19.942056367942037 0 92.70779474736665 -60.84886617232102 19.916958030992742
0.18419781100000002 20.583214025240387 0 95.07708828915463 -59.69391956896537 20.52589665493222
0.085200421 18.772016984533327 0 94.1901058617904 -62.19658541934515 18.71565314973974
0.19998372 20.759390006097323 0 94.82575265942799 -57.62205591650915 20.72445978214463
0.183324502 20.303914831472333 0 100.24045547252037 -59.4584345073667 20.514457102964098
0.176766174 20.460974602509214 0 93.8622420377496 -61.27855926929468 20.426897867638278
0.12008430199999999 19.57564891565521 0 92.24330256277241 -58.83668610185271 19.510984576054437
0.19609690899999999 20.82280892130316 0 94.85248538172992 -58.106047450580725 20.676952887157608
0.187428378 20.41498060726872 0 96.26087026703058 -58.33584625664965 20.56778180716844
0.166727038 20.258203479657446 0 96.68837821191336 -60.802665216389315 20.286844781389643
0.112997043 19.46183723085392 0 96.88373513555028 -62.547939607025945 19.36890848710436
0.18250092 20.652052675081528 0 98.36670433629293 -60.13196913684007 20.50362255752496
0.195376925 20.66509062454567 0 95.10295177500252 -62.270452922223164 20.668057312924876
0.11389732300000001 19.22695593490818 0 96.7559543736138 -57.994367755299244 19.387414012588703
0.09312874199999999 18.83743565710102 0 99.37936618868773 -58.60495956224732 18.920471664529924
0.13049364900000002 19.743892972529085 0 96.84375114281514 -59.27933365156762 19.70597881752023
0.199261992 20.71294831606087 0 94.56005548442316 -57.192485748072244 20.71570333646285
0.18307906899999998 20.35379348327077 0 98.26323869996715 -63.1381982817607 20.51123306230087
0.115041387 19.3508251454063 0 94.11270169343024 -59.111680430111306 19.41073277088788
0.155123701 20.014843955023164 0 91.08822710921568 -61.474085690064776 20.114850542569652
0.189390995 20.651723480005856 0 101.25032641167964 -58.531692190793365 20.592902270362043
0.135664876 19.775895498893796 0 95.96417448382647 -58.45576102394797 19.79748333129105
0.042925449000000004 17.126351408764148 0 100.03221169206131 -59.80897863419486 17.162827090059064
0.175564495 20.346853828471637 0 99.12074275134405 -59.91876194840505 20.410528487443887
0.18870511899999998 20.534126834396982 0 97.99596318886185 -58.82081828314353 20.584150938970243
0.197278526 20.669125583270766 0 92.07303805973707 -60.54947421387606 20.69148677053047
0.106700067 19.306112726689605 0 100.46253192305849 -60.437596134586194 19.235444644861015
0.114676634 19.282356602341565 0 93.4558574793718 -58.94834766004335 19.403322042794766
0.131599439 19.83365379901608 0 96.80229650318262 -58.981160139576644 19.725827760036932
0.078597526 18.40207414703059 0 100.82721574919051 -60.77503030210308 18.530719630620066
0.124436814 19.714885145318497 0 94.83407759003632 -60.12014476879217 19.594377647770937
0.17791394 20.4449598338299 0 95.06116998244649 -57.53232242625805 20.442436713893866
0.16730029800000001 20.435798934726577 0 97.2003331078429 -60.27970004136011 20.295050402036818
0.195292007 20.573992355124215 0 94.71581628522618 -58.00981879220829 20.667006131974492
0.097566511 18.96830023694799 0 90.8254716290993 -60.40670467006172 19.027997308897437
0.18493758300000002 20.516281047986574 0 97.64926848064577 -60.14453970102353 20.535547739090628
0.155685142 20.351025564010335 0 99.32432188876534 -59.665814667754574 20.12344425952696
0.199070978 20.86696988477691 0 94.80965012678027 -58.75065901268667 20.713380929572107
0.103022715 18.973980990430377 0 98.72385690979752 -59.11082370167948 19.154021172955357
0.081748683 18.579647499563333 0 94.25108134962649 -58.6486877893809 18.620752882094752
0.181827197 20.48330298079534 0 98.89006845801039 -63.30612283802269 20.494725710042264
0.152890581 20.15728744186881 0 96.96068609438106 -58.17879471253129 20.080379794546086
0.12501600400000001 19.576191648665997 0 98.57704647152774 -61.65664444606293 19.605267532809496
0.18621892 20.62583538016766 0 92.06626103104433 -59.08610421654265 20.55217976877776
0.113134753 19.21624711198324 0 94.37756216967465 -58.52058455947457 19.371748138046396
0.086875391 18.683023852028196 0 96.55010718979146 -59.54332336016275 18.76039177855473
0.192294465 20.693481713631606 0 92.61349561293575 -59.61512996464251 20.629626568204745
0.159866121 20.346686879302787 0 97.46928966853707 -62.30929885640201 20.186547528926976
0.10427446300000001 19.208263236310014 0 96.02228592116478 -60.00495174794783 19.182041283869065
0.078863148 18.61232907545411 0 99.36444654082338 -58.32630828425691 18.53844058511883
0.13611996099999998 20.065004339537417 0 96.60116797526581 -58.18684202934648 19.80537891113293
0.132157376 19.613885088932204 0 95.70140045992231 -57.34040071732721 19.735783477864555
0.112020886 19.248424937585803 0 94.00816898024816 -57.104310644860156 19.348685618995315
0.146352482 20.057030119035574 0 97.39218276406997 -60.06752008863578 19.97668765932821
0.10721210800000001 19.287308328880158 0 93.28457187523713 -61.77102554294307 19.2465712816653
0.165754803 20.063523717260153 0 101.45588313966888 -59.66596388019471 20.272868101315037
0.199923093 20.680249063458966 0 96.0783800011834 -57.44504659931596 20.723725343499122
0.03178941 16.33559334492895 0 100.3120433621135 -60.6846496216609 16.493087570097256
0.178458791 20.482052850454927 0 94.3468201042371 -57.180769005968024 20.44978056625534
0.154802797 20.09402612208802 0 98.90746746135943 -59.886837736229495 20.109925588835008
0.105495054 19.23238569939137 0 96.60350915242662 -59.033070148978474 19.20905946099587
0.18230468800000002 20.607413535277903 0 92.99622429559865 -60.56231180679539 20.501034363172746
0.142274186 19.848186562082297 0 93.51084723967668 -61.3401838759206 19.909794680372013
0.12578109699999998 19.524434745765657 0 99.46324800883623 -60.98925372559278 19.61958036333159
0.08646872800000001 18.861114106587845 0 97.45872517559988 -61.860851147238996 18.74960571129962
0.11167409 19.442973000727008 0 90.61978935137999 -61.28957806242516 19.341461099808715
0.123096481 19.71512467932859 0 95.09400007344365 -57.86080904163498 19.568993142449155
0.159972355 20.24596733852308 0 100.34384751244704 -60.32564178459189 20.188130808600175
0.10109640199999999 19.17897269172856 0 96.20652076320721 -60.7441519343923 19.110265741178655
0.10668453300000001 19.20358656764348 0 96.57912227829004 -58.76656040317919 19.235106304009914
0.17718505 20.362950817719884 0 101.8321905442983 -59.93971459275867 20.432579571846684
0.124038162 19.673198076330607 0 98.32111541634214 -60.684372333190254 19.586854534470692
0.155449025 20.141404638704543 0 96.3879000212658 -62.22100682551437 20.119833650041794
0.128511023 19.610805915836952 0 97.95752922035572 -60.6639774519669 19.66999251731041
0.14586084400000002 19.916953423678876 0 98.19754587040521 -57.963725898396426 19.968716672197825
0.13603915 19.85870734630552 0 94.40100599354128 -57.59821228144529 19.803978672060236
0.08738267400000001 18.924483522848252 0 95.92457395922928 -62.55315885542384 18.7737794916377
0.164252846 20.19493138303958 0 90.83239985378876 -60.474688981097835 20.251125678648112
0.164665464 20.017039715062676 0 101.23744508392903 -59.514499338553584 20.25711712114715
0.150397328 20.05852120827322 0 98.73789806512718 -61.493183742642145 20.04133459344855
0.136105235 19.77889108375445 0 93.0606203479086 -61.45882920200772 19.805123806820536
0.11432521400000001 19.385113039155396 0 94.70800583286535 -60.66645233409458 19.396161173914496
0.125808031 19.777258850489773 0 98.46941262612452 -60.77019665890791 19.62008273533618
0.14411322199999999 19.848036271778152 0 98.85920580254033 -61.38927756304024 19.940177699698918
0.18140194199999998 20.30633863003077 0 94.61573963404157 -58.72718964071086 20.48909425956818
0.12468165199999999 19.659866429935565 0 94.2114806591767 -59.65713399186953 19.598986867737796
0.197524615 20.82026529272281 0 96.01779143364004 -61.194971010483016 20.694503529445353
0.182629065 20.519379428966303 0 99.10877391380686 -59.49135843255592 20.505311329003096
0.19435525899999997 20.822158024917012 0 94.24471724283053 -58.4056051479355 20.655382187972545
0.124143369 19.47998771187314 0 93.47233086273596 -61.49486445887483 19.588842138802566
0.139490013 19.796639603445033 0 98.91800451676394 -58.537196989254475 19.863091083621423
0.107904056 19.171412268955336 0 95.87392080932177 -59.51552155881432 19.26152784231523
0.178951783 20.306175460869753 0 100.15842824574342 -59.33276034066076 20.456407528530942
0.17931591 20.42610663112227 0 95.93814131280503 -58.06744327158067 20.46129138093634
0.192036137 20.655886619126836 0 97.29143208529929 -59.35083136724714 20.626380007518716
0.149807314 19.87415987917574 0 101.24042738062842 -58.81127316476444 20.032006476952258
0.172871235 20.28364949082931 0 92.19906208556431 -61.123404369027675 20.37345963621156
0.174067645 20.32620536286312 0 93.69303787575308 -58.662269196862766 20.38999220385877
0.147499576 19.960523477570288 0 96.50427894945793 -61.133950377367405 19.99518885942666
0.19042962800000002 20.510676360150683 0 93.45841346941211 -57.539465563065825 20.606098841457655
0.165147415 20.291490611561297 0 98.34606167956643 -58.93781578828186 20.26409766537287
0.124179535 19.467629624514718 0 96.67985940523184 -61.1503992285671 19.589525033098116
0.194846927 20.645696594797425 0 94.50151946334829 -61.72981163775336 20.661489659135494
0.180253725 20.57674053811029 0 90.66889355099751 -60.42425928648186 20.473827598298694
0.12265413300000001 19.38237909506874 0 92.30178538932016 -61.31637696081737 19.560558527494234
0.187772949 20.652355631060804 0 97.31028148478839 -58.794772205297114 20.572209712336754
0.183618115 20.49298225824368 0 97.97575472767922 -59.18812646857168 20.51830879092419
0.13077334 19.60989582236263 0 96.81373215575907 -59.40727465953182 19.711014126356073
0.19835296600000002 20.746667002366344 0 93.71076083195686 -59.8804934094265 20.704632646580787
0.12194514199999999 19.63700653575067 0 95.20099610337502 -58.83747392102051 19.54697980764715
0.10942192699999999 19.314516235646035 0 94.4613888396293 -59.31232177533681 19.294022250610563
0.169735049 20.20842298431536 0 97.98823014525557 -57.840866056328835 20.329612682031165
0.167114876 20.12887406739169 0 97.11537431987328 -62.90836986414816 20.292399142284598
0.103932174 19.1794020209488 0 96.63945585915697 -60.131775293907474 19.174410939999984
0.12314744300000001 19.64924463291219 0 95.49706367309722 -59.048033566086524 19.569963047092482
0.16079002 20.12658600172237 0 90.52234672820593 -60.64966402492199 20.20028439252022
0.16593940599999998 20.25427498969804 0 99.43514233105734 -59.97504058901302 20.27552777310699
0.110313304 19.302173502290003 0 92.08872318800209 -58.9158433126624 19.312907078655474
0.174822067 20.594975057782598 0 99.4261580891138 -59.969236772173986 20.40036302226046
0.17734194600000003 20.506961802512556 0 92.36983605238858 -61.88391785933647 20.434704527742166
0.166028695 20.08381383551244 0 101.4320000627747 -59.5591410263297 20.276813219455857
0.15861222 20.178947939285187 0 93.98199387920135 -61.01663512388099 20.1677853933441
0.19933090899999997 20.589232174139962 0 94.35897222119905 -57.22923498282343 20.716540745144048
0.085724737 18.67715106736063 0 93.77004208617448 -62.33632846611407 18.729747030398496
0.19347845800000002 20.813667482712937 0 96.05027074944242 -58.942617216519075 20.64445504726667
0.141849808 19.984334343495423 0 96.07544717527249 -62.177487649803616 19.9027313658306
0.18635543100000002 20.47932359111466 0 92.1295408571979 -61.028840531563304 20.553945456206517
0.178610695 20.46211007393396 0 97.66770677545988 -61.810804399642876 20.45182431845907
0.159843185 20.24039939397819 0 98.49818197878022 -61.210513897298696 20.18620556912099
