0.12694 38.8881 0.1103 58.8032990747 -39.8898065068 38.8716470925
0.25609 40.6168 0.1983 66.7383391191 -47.9169177898 40.5615680161
0.08848 37.9822 0.1372 64.9693803716 -47.1788116315 38.0324736089
0.11797 38.537 0.0958 79.7656714517 -54.3724099821 38.6998568707
0.18322 39.6183 0.112 178.012345557 -49.1119485377 39.7444286782
0.1407 39.1848 0.1112 50.185370503 -30.9116573962 39.1142334903
0.15186 39.1514 0.1018 46.0928180926 -26.3081627926 39.2952117805
0.09401 38.2303 0.1397 47.5028231141 -25.7759184401 38.1722713943
0.28662 41.0206 0.1665 132.179923851 -62.6635468946 40.8413476153
0.26349 40.724 0.1495 100.5497009 -60.3311144458 40.6320899249
0.1431 39.1163 0.1008 185.62013635 -43.8688411448 39.154256737
0.16035 39.2733 0.1101 148.595310341 -61.2073813215 39.4247709248
0.12303 38.7979 0.1064 50.0184589705 -28.7491193819 38.7982127078
0.12608 38.7224 0.1025 187.417808545 -41.3677710075 38.8556791332
0.17315 39.4918 0.0952 132.128569395 -63.6198835506 39.608522675
0.16431 39.3527 0.1039 139.665736188 -62.86395154 39.4830324556
0.1599 39.3146 0.1048 151.250380203 -59.0938868277 39.4180658738
0.24448 40.1897 0.1361 184.363647742 -41.2955590095 40.4470562901
0.24835 40.3053 0.1402 63.2548226996 -43.4725734216 40.4857723736
0.27544 40.6669 0.1721 87.5007491663 -57.0889095347 40.742219356
0.33051 41.229 0.2061 121.525154586 -63.7706095854 41.1989718159
0.33103 41.0703 0.2156 141.026431212 -60.9707603664 41.2029408879
0.16059 39.3159 0.1047 96.7068838656 -59.4657806948 39.4283398006
0.21887 40.1682 0.1122 58.4930506216 -39.4086860357 40.175645152
0.11991 38.6957 0.0956 102.722150566 -61.1062333024 38.7380265964
0.17839 40.0537 0.1275 61.6917868078 -43.2564087561 39.6801301198
0.27923 40.8532 0.1468 164.619320303 -55.8854979464 40.7762312482
0.18581 39.8658 0.1149 47.3741053885 -26.2869303554 39.7782638193
0.06651 37.4022 0.1399 185.203464608 -43.826048376 37.3796493582
0.258 40.5749 0.1574 99.9909225068 -60.5383468267 40.5799478695
0.2798 40.5953 0.1564 65.2324827135 -46.9675368912 40.7813097625
0.26576 40.4496 0.1415 47.3862708589 -23.8211782616 40.653358289
0.185 39.7152 0.1042 78.2774933511 -55.0870274417 39.7677293441
0.05631 36.9697 0.1397 142.54650464 -62.7551022267 37.0024486846
0.3264 41.0393 0.1816 95.1815898728 -58.9682614018 41.1673973654
0.10886 38.5511 0.1001 80.1439966316 -55.1489310546 38.5123234297
0.20323 40.0093 0.1398 58.1008566419 -38.898735624 39.9951129539
0.37986 41.3926 0.1607 46.12545337 -24.0262009391 41.552272503
0.2116 40.0099 0.1244 160.981557131 -57.0250182279 40.093260518
0.21353 40.0984 0.1379 62.7487239071 -45.3192925326 40.1153830118
0.14409 39.2096 0.1034 55.3463155559 -36.6713167373 39.1705840023
0.25249 40.4679 0.1756 65.4880239098 -47.1519097463 40.5265800913
0.25672 40.5993 0.189 64.3421557012 -45.0994121898 40.5676443682
0.21885 40.3649 0.1766 59.5041788112 -39.1727860328 40.1754219912
0.07891 37.8961 0.146 46.9511000433 -22.8838015525 37.769646431
0.08282 38.1084 0.1457 106.379928296 -62.9196318466 37.8805127807
0.17028 39.5885 0.1042 62.2596582441 -42.5127248737 39.5684461442
0.27806 40.681 0.191 57.0996216455 -38.6257249973 40.7657770225
0.2367 40.1804 0.1517 117.018797823 -62.8212980918 40.3674873783
0.30569 40.6979 0.2399 47.9306444993 -26.0186601062 41.0025142768
0.08254 37.8471 0.1368 151.606736866 -59.8789108802 37.872741099
0.18891 39.5385 0.1151 172.567366312 -50.5980968637 39.8181922143
0.08141 37.8947 0.1309 81.6743555871 -56.761778473 37.841119436
0.25655 40.5964 0.1674 112.144107283 -62.8432871707 40.5660060692
0.12622 38.9778 0.1265 153.128854731 -60.0677166505 38.8582855158
0.10264 38.5328 0.0981 77.7864213403 -53.3541833945 38.3755809055
0.12455 38.816 0.0971 61.7182891624 -42.4204201459 38.8270167734
0.37046 41.7882 0.2324 108.312062593 -62.3854128709 41.4883700637
0.20215 39.7032 0.1132 110.407096811 -62.1874288821 39.9821780201
0.1799 40.0616 0.1391 174.102539462 -51.2279470506 39.7004032659
0.1618 39.4755 0.1293 49.2163642526 -28.3227887088 39.4462576986
0.21114 40.2849 0.1641 66.7350117743 -47.2753769179 40.0879603402
0.22669 40.2096 0.137 132.572515899 -61.8274753198 40.2614930323
0.29683 40.7814 0.1679 56.8250793894 -37.0780726399 40.9288196919
0.25029 40.5628 0.1395 104.567863993 -60.7966351129 40.5049720984
0.14882 39.2293 0.102 66.1261898909 -45.3533733281 39.2471754341
0.14729 39.1 0.0974 81.7019902501 -55.0772498205 39.2226521654
0.21513 40.5251 0.152 49.2598735571 -30.0000333996 40.1335835387
0.14478 39.161 0.1137 51.7497181814 -30.492326037 39.1819018061
0.13243 39.2529 0.1023 186.241730591 -43.0928629452 38.9712543703
0.21975 40.3167 0.1382 112.083787471 -62.5879373782 40.1854456664
0.38492 41.7659 0.2177 110.342118036 -61.6396590101 41.5860702421
0.174 39.7117 0.1095 158.735760795 -56.2515384664 39.6202737691
0.17789 39.6055 0.1054 45.9839011996 -21.9262696804 39.6733821021
0.29936 40.8036 0.1604 164.536470593 -55.1495059175 40.9500673168
0.11845 38.7805 0.0981 185.587911928 -41.8616462261 38.7093555584
0.17653 39.6482 0.1037 185.102825952 -40.7292430202 39.6549381632
0.24552 40.7174 0.202 133.692462948 -62.0417785425 40.4575156933
0.19611 39.8987 0.118 50.9692949309 -31.7497518995 39.9086396305
0.24852 40.4355 0.1377 165.007275609 -54.3642051747 40.4874603271
0.30632 41.0973 0.1921 184.654176294 -42.9194390565 41.0076793969
0.24637 40.5386 0.1357 163.883360957 -55.569114607 40.466034023
0.13514 39.2914 0.1052 131.621379729 -61.7665425493 39.0190055094
0.21054 39.9531 0.125 65.2530213195 -46.8396204039 40.0810310336
0.2363 40.4792 0.1264 53.5374676932 -36.3967469974 40.3633316941
0.17851 39.706 0.1106 54.958583365 -35.161338454 39.6817470358
0.22068 40.165 0.159 109.716414213 -62.37137861 40.1957637938
0.31494 41.1194 0.1984 163.610128417 -56.1482355371 41.0773880448
0.18443 39.8881 0.1087 162.238354449 -55.7600549671 39.7602905697
0.26129 40.5132 0.1546 170.83714481 -52.4896241936 40.6113161141
0.18123 39.5512 0.1025 182.106145154 -45.4976334814 39.7181295823
0.38048 41.3533 0.2208 59.6480767292 -42.7551583419 41.5564359554
0.18481 39.746 0.1064 56.1742957606 -38.4635383937 39.765252113
0.20847 39.983 0.1204 51.8207320497 -32.615952753 40.0569842618
0.2682 40.6286 0.1919 73.5953433055 -53.010803334 40.6760340728
0.17706 39.6639 0.1117 167.405037998 -53.1112684009 39.6621414855
0.38504 42.0216 0.2491 97.2471418484 -60.0815571664 41.5868667881
0.31582 41.0717 0.1885 162.516687182 -57.5960985618 41.0844055511
0.24973 40.5426 0.1297 169.665270753 -54.1579621009 40.4994440001
0.20368 39.984 0.1192 160.711078354 -57.6860080749 40.000483786
0.12336 38.7629 0.097 125.118583586 -63.2437593028 38.8044944977
0.20318 40.059 0.1201 176.418744315 -49.8567338893 39.9945155171
0.15339 39.4388 0.1 112.223249812 -63.5297809263 39.3190499995
0.33439 41.2374 0.2081 81.8484261797 -54.39853192 41.2284499
0.1958 39.8623 0.1141 151.711573535 -60.8583008432 39.9048091009
0.24973 40.4546 0.1522 59.5653695201 -43.0805074787 40.4994440001
0.15509 39.3678 0.1042 87.0863355265 -59.000184765 39.345278575
0.15596 39.3756 0.1014 158.72361609 -58.3473211727 39.3585980616
0.15837 39.1872 0.1194 107.686532714 -62.0851507273 39.3951366793
0.30938 41.1171 0.2509 77.9753999518 -53.7512455222 41.032629142
0.24857 40.5305 0.1375 114.526800061 -62.3591564809 40.487956582
0.18507 39.6775 0.1221 83.7747444283 -57.35323493 39.7686414145
0.06142 37.1433 0.1402 51.7357989701 -33.7405598033 37.1989610765
0.25074 40.3667 0.1516 74.2761913449 -53.3765435307 40.5094060845
0.21614 40.1384 0.1517 58.6301058147 -39.2578298878 40.1450084642
0.11402 38.4482 0.0986 150.860900248 -61.1142569703 38.620280498
0.11389 38.8274 0.1082 145.730573248 -61.3659809033 38.6176176662
0.1988 39.7393 0.1691 46.7469603888 -26.8817018736 39.9416457858
0.18376 39.8305 0.1239 66.5701664751 -48.9720199745 39.7515194858
0.18079 39.704 0.1348 184.98325113 -40.6836099428 39.7122786146
0.17696 39.6501 0.1284 89.5815733869 -58.5113811513 39.6607838993
0.17768 39.4042 0.1195 115.990848252 -62.8805468376 39.6705426916
0.07153 37.4114 0.1588 113.351771958 -63.7749245733 37.5452953908
0.19466 39.9791 0.172 95.2196426239 -59.8242547389 39.8906742616
0.13811 39.0057 0.1014 48.3751083555 -29.4650744775 39.0703198236
0.1696 39.781 0.1292 53.1841794809 -35.7886163779 39.5588588503
0.24555 40.029 0.1518 109.510832385 -62.1797383692 40.4578168017
0.14387 39.1426 0.0976 168.757305022 -55.0290722243 39.1669647905
0.25191 40.5474 0.1573 52.4859959454 -34.9968385954 40.520900294
0.03652 36.1017 0.1404 184.009917623 -43.2570424172 36.0310586733
0.27749 41.2663 0.229 61.8221182093 -42.1413791117 40.7606692905
0.28746 40.6205 0.1464 108.515115576 -62.9817480117 40.8486513139
0.19867 40.007 0.1299 122.975433198 -63.8190564238 39.9400602093
0.15999 39.4659 0.1058 162.606345009 -57.4586398658 39.4194082866
0.21075 40.3319 0.145 139.635908483 -60.5584881823 40.0834583607
0.23775 40.3727 0.1364 151.923155452 -58.3412949187 40.3783653764
0.15517 39.4856 0.1157 105.729080673 -62.2081284194 39.3465062553
0.09391 38.312 0.1429 46.6810820136 -26.401292515 38.1698134671
0.11859 38.7345 0.1105 134.873606748 -62.9091168194 38.7121191928
0.15271 39.4166 0.1102 103.323612759 -60.775271421 39.308482706
0.25722 40.6069 0.1544 114.41894152 -62.2399360743 40.5724571207
0.21226 40.1269 0.1196 179.719034334 -45.9688766545 40.1008465868
0.2454 40.2789 0.1288 185.281721753 -40.5389233833 40.4563109212
0.13696 39.084 0.1042 67.7765680767 -47.2243612832 39.0505742063
0.32569 41.2626 0.236 75.5494262741 -51.762086737 41.1619059176
0.10638 38.4128 0.095 119.223128514 -63.8215952618 38.4587090721
0.40127 41.6537 0.2577 102.16946289 -61.3616374095 41.692545594
0.18931 39.8322 0.1277 122.262811456 -62.1946184177 39.8233000343
0.19726 39.7628 0.1097 149.040816139 -60.7795503666 39.922800946
0.12837 38.9169 0.1009 181.968729057 -44.0876770768 38.8979752634
0.12262 38.7625 0.0959 184.730315595 -42.1144355701 38.7903859879
0.12715 38.9236 0.0968 180.311101717 -46.0485334834 38.8755308331
0.21323 39.999 0.1367 179.526771213 -48.1852029678 40.111956418
0.21099 40.0444 0.1147 117.515207475 -62.3540480065 40.0862297181
0.26856 40.8679 0.1632 116.629731899 -63.7728284289 40.6793636196
0.20453 40.0313 0.125 124.306413694 -61.7957081426 40.0105988683
0.2701 40.6288 0.1375 174.96464127 -50.985934916 40.6935605427
0.24185 40.4412 0.1273 44.5492204904 -21.4439126233 40.4204223173
0.29114 40.5245 0.1736 57.83610246 -40.047058761 40.8804191467
0.35346 41.161 0.2055 56.807080209 -36.6133215049 41.368912962
0.28543 40.9782 0.1717 85.6301023282 -58.1434223539 40.8309669789
0.21955 40.0014 0.1505 62.2907915072 -42.5269849098 40.1832214572
0.17558 39.6389 0.1064 94.2149497192 -60.2659155793 39.6419762256
0.23542 40.3341 0.1521 129.417444293 -62.389026751 40.3541663516
0.15325 39.3252 0.1029 174.640856445 -50.0632145704 39.3168779519
0.21005 40.2448 0.1586 53.5555516452 -35.8457824239 40.0753585729
0.29135 40.8215 0.1715 184.530191106 -41.7422993608 40.8822208399
0.31376 41.1325 0.1862 171.470028931 -52.0734611777 41.0679498793
0.13687 39.0818 0.1047 51.9658732161 -31.2730644102 39.0490223635
0.29567 41.0895 0.2377 95.296857147 -59.6843073678 40.9190220222
0.30394 40.7986 0.1654 164.536764331 -54.9658791648 40.9881152446
0.09007 37.973 0.1373 69.0100180599 -49.9095409841 38.073499612
0.20557 40.1209 0.1242 61.8633355158 -43.9001935897 40.0229223127
0.1219 38.6977 0.0964 62.1287093203 -42.6746689889 38.7765818504
0.17428 39.568 0.1055 160.393472507 -57.5443001146 39.6241330619
0.24883 40.5691 0.1459 164.803631442 -55.9485309587 40.4905356283
0.24558 40.4227 0.1448 116.635223448 -61.7014636097 40.4581178762
0.13833 39.18 0.1096 76.8136118145 -54.283986312 39.0740797232
0.24315 40.4162 0.1208 123.674128177 -62.2381713521 40.4336205214
0.24267 40.5077 0.1607 86.9585653303 -57.3716202618 40.4287549148
0.31468 40.688 0.1632 144.658918375 -61.5770207926 41.075311243
0.27573 40.8205 0.1697 78.8624880431 -54.6332624992 40.7448369922
0.30041 40.7019 0.1981 70.7790927786 -49.0733171753 40.9588371018
0.21728 40.2103 0.1613 150.375827095 -61.0380076055 40.1578449417
0.1244 38.9684 0.1034 183.124554684 -42.5447489297 38.824188982
0.20335 39.9314 0.127 65.8644505254 -46.6815947969 39.9965462486
0.19025 39.7334 0.1556 131.031270747 -61.4746416715 39.8352642227
0.29021 40.7737 0.1699 179.839207977 -46.6829812774 40.8724258428
0.22786 40.2464 0.1473 154.439567474 -58.2698970879 40.2741019519
0.31065 40.7882 0.1901 49.7258864733 -27.8389150414 41.0429175893
0.08784 38.0269 0.1411 84.563217146 -57.9042691064 38.0157619566
0.08504 37.9844 0.1409 98.2174891251 -59.7671117319 37.9412601538
0.19009 39.9705 0.1165 128.963604679 -63.625227308 39.8332316321
0.09227 38.1828 0.1418 149.764137817 -61.0939039049 38.1291452821
0.12903 38.9601 0.1205 177.602728683 -46.8308024502 38.9100341271
0.26166 40.5296 0.171 54.6786172489 -35.5825200491 40.614821109
0.26162 40.8107 0.1951 58.8917443897 -39.5201338982 40.6144424103
0.19422 39.9403 0.1276 182.932974566 -45.690276948 39.885198236
0.14703 39.2775 0.0992 163.339979821 -55.7216916976 39.2184612148
0.21179 40.4882 0.1882 110.310006236 -61.1563753685 40.0954466209
0.17958 39.6272 0.109 172.505746563 -52.423346499 39.6961201711
0.19029 40.0371 0.1182 173.501683135 -49.9954920593 39.8357721233
0.3388 41.1099 0.2076 159.304112736 -57.9151358413 41.2615752491
0.11741 38.7531 0.0973 177.423845534 -47.3386213128 38.6887290312
0.2889 40.8731 0.1879 73.2071016917 -51.0550586191 40.8611264508
0.26405 40.6321 0.1726 133.120108277 -61.4797419042 40.6373523472
0.24961 40.7448 0.1517 62.93686526 -42.6564095118 40.4982579247
0.22967 40.2156 0.1313 63.716947299 -43.9784395183 40.2934910753
0.08543 37.9494 0.1356 135.976195505 -61.4507686065 37.9517758519
0.27656 40.9485 0.2177 159.014803882 -58.0562672225 40.7523148927
0.36193 41.471 0.231 169.067839196 -53.1557317862 41.4290762931
0.30021 40.9109 0.2018 185.153853313 -44.0667158988 40.9571688396
0.11635 38.7056 0.0977 181.417896937 -45.3840238434 38.6675282711
0.15492 39.1583 0.1016 103.461552528 -61.1304099348 39.3426677955
0.25037 40.5894 0.1198 133.873037987 -62.4488318294 40.5057608981
0.25174 40.5368 0.125 144.508936193 -61.8154845656 40.5192332471
0.12928 38.8505 0.0912 120.320764256 -62.0085956598 38.9145867888
0.30929 41.0928 0.1497 56.504845334 -39.4311515135 41.0318985681
0.29888 41.0763 0.1917 45.2065337477 -22.0398826365 40.9460488579
0.27091 40.6803 0.187 79.4040561884 -53.1620360742 40.7009979335
0.29353 40.9244 0.1736 102.185051128 -61.9360910372 40.9008539921
0.18979 39.7979 0.1153 149.984844541 -58.7805096255 39.8294162558
0.12376 38.7365 0.0947 179.271865841 -48.8328941023 38.8120876752
0.31288 41.0128 0.1707 163.084964637 -55.5117958273 41.0608899954
0.30915 41.1904 0.188 52.7609089024 -35.4404841945 41.0307617315
0.20267 39.954 0.136 57.8804924983 -39.0114963399 39.988413896
0.21163 40.008 0.1168 119.744787221 -61.7587574419 40.0936058125
0.1789 39.7352 0.1116 53.4102580102 -35.594178437 39.6869950652
0.30354 41.1664 0.1709 73.8039821026 -52.2206342768 40.9848133462
0.21457 40.1728 0.1231 104.5662627 -61.9057515528 40.1272275958
0.32045 41.1156 0.1627 105.426289722 -62.0460873961 41.1210338803
0.21835 40.3018 0.1357 184.100511698 -43.7864393904 40.1698368536
0.07489 37.6257 0.1358 136.241411471 -61.421744498 37.6500561941
0.2576 40.6791 0.1661 169.63354833 -52.5660549181 40.5761090644
0.18468 39.7095 0.1278 91.0595942065 -59.9406602714 39.7635558066
0.11628 38.6325 0.0981 111.502963727 -63.1335486182 38.6661218336
0.06426 37.2301 0.1415 133.445217779 -62.1961087836 37.3014761764
0.10288 38.5097 0.0996 57.7947873565 -41.397087635 38.381000584
0.04397 36.2708 0.1449 73.6140016394 -51.8519150351 36.4460058471
0.1168 38.5151 0.1092 162.765229781 -56.5799474929 38.6765506944
0.38174 41.6622 0.2779 103.353602523 -60.2629349953 41.5648779376
0.13552 38.88 0.1178 109.461566637 -62.8174445936 39.0256294849
0.16595 39.2819 0.1162 53.5612499197 -36.2860946059 39.5067796566
0.16817 39.3968 0.119 50.6773351416 -29.3846480238 39.5385803707
0.17063 39.5327 0.1238 60.0556590808 -40.4906582915 39.573366938
0.12042 38.8709 0.1023 55.6277943995 -34.9221851166 38.747964553
0.13868 39.1147 0.127 42.5383223679 -20.0758271236 39.0800498776
0.14606 39.2584 0.1249 45.4654473734 -23.9137204883 39.2027645024
0.2338 40.2615 0.1584 109.373198495 -62.5179027209 40.3372110202
0.24643 40.3513 0.1536 124.78090956 -63.1105200814 40.466634295
0.22286 40.3546 0.1206 70.2623092019 -49.2171627514 40.2197941872
0.17915 39.6154 0.1177 74.3274196952 -51.5086100241 39.6903536134
0.19718 39.9492 0.1172 91.6886358711 -59.9088007828 39.9218182833
0.22916 40.3127 0.1479 63.3174063308 -44.5941651824 40.2880421207
0.26451 40.7663 0.1823 94.9557051459 -61.2561312576 40.6416673838
0.10337 38.419 0.0894 104.150935491 -62.0224652735 38.3920287611
0.21338 40.1036 0.1237 60.714435462 -41.1733376751 40.1136702703
0.15653 39.2726 0.1032 153.647451482 -60.2031720235 39.3672871738
0.2434 40.5759 0.1699 149.224504472 -61.0452290366 40.436151193
0.23652 40.6143 0.1487 172.898749117 -52.5469006372 40.3656181209
0.20852 40.0791 0.1217 72.8901231885 -52.760098635 40.0575676932
0.25104 40.7167 0.178 171.158840294 -53.7659690021 40.5123580117
0.22534 40.1906 0.1342 51.3860426815 -29.9687313772 40.2468695807
0.28742 40.8698 0.1584 79.0988440956 -56.0859163862 40.8483039636
0.32984 40.9414 0.1882 82.0048093536 -56.3284724226 41.1938493488
0.24603 40.4658 0.126 108.156877669 -62.337110584 40.4626299398
0.11966 38.9849 0.1021 99.4927215197 -60.8589794777 38.733140534
0.32931 41.5257 0.2689 69.9213911515 -50.2028049194 41.1897904688
0.21082 39.8974 0.1202 181.821484017 -43.662846868 40.0842669739
0.20308 40.07 0.1138 60.5700673676 -40.4588376305 39.9933202363
0.28436 40.5979 0.1563 57.997530037 -39.1578923704 40.8215991292
0.18037 39.4809 0.1023 181.655486806 -46.3044820572 39.7066812819
0.2607 40.7018 0.159 50.0373492897 -27.5322297244 40.6057176201
0.05658 36.9211 0.1603 68.4437472181 -48.7850439181 37.013254159
0.14792 39.1834 0.0989 59.5065273694 -43.1026499063 39.2327786177
0.32793 41.091 0.1794 73.1505492514 -50.1366437179 41.1791938285
0.24206 40.7344 0.1659 101.576978121 -60.9711258805 40.4225587481
0.22334 40.2575 0.1301 111.705915612 -62.276186009 40.2250561766
0.1828 39.9029 0.1219 48.1494701361 -27.3077458864 39.7389002143
0.15304 39.3607 0.1003 59.0717737683 -40.3630429575 39.3136164129
0.13818 39.0266 0.0995 42.3450614331 -19.9283203596 39.0715167622
0.20735 40.5098 0.1342 65.6792528643 -46.5490256794 40.0438814428
0.20313 39.9582 0.1198 129.178747594 -62.5490028712 39.9939179446
0.19801 39.8384 0.1272 102.237772988 -60.5507382643 39.9319955428
0.22256 40.2526 0.1345 106.332629152 -60.7419004541 40.2165001387
0.2734 40.6357 0.1604 63.816040547 -44.418062571 40.7237337575
0.18651 39.8559 0.1117 88.1604245348 -56.5973151187 39.7873335036
0.15935 39.1603 0.0995 186.134838629 -40.5581162943 39.4098469389
0.21935 40.2259 0.1272 127.394130587 -63.0581475225 40.1809953798
0.17373 39.7945 0.1108 50.7470837843 -32.772107515 39.6165468495
0.24436 40.2873 0.1513 50.3860243874 -30.5788012241 40.4458468035
0.13353 38.9164 0.097 152.656765967 -60.1027455238 38.9907460373
0.28332 40.76 0.1537 174.271719585 -49.270385337 40.8124628462
0.17383 39.685 0.1297 47.9845167438 -27.2610168292 39.617927816
0.19654 40.0977 0.1241 69.3062264459 -48.7988729132 39.9139436918
0.36952 41.6248 0.2014 170.824952163 -51.7390046805 41.481897919
0.20548 39.8904 0.1215 167.41534406 -54.7362253362 40.0218581382
0.17357 39.6471 0.1228 120.255773635 -63.8800800846 39.6143357688
0.12688 38.8623 0.0999 68.3437625133 -49.9791394823 38.8705363458
0.28434 40.7854 0.1733 101.655963709 -62.2295754736 40.8214237211
0.19392 39.925 0.1238 158.73539865 -58.9274962029 39.881458003
0.10018 38.3211 0.103 131.7488501 -62.8662181128 38.3193278071
0.11771 38.7092 0.1042 83.9556169453 -55.579582253 38.694696565
0.19176 39.8577 0.1284 138.960162261 -60.8965538722 39.8543693102
0.07068 37.3571 0.1442 57.1794438957 -40.545702996 37.5180472681
0.23684 40.3747 0.1511 53.4953337348 -36.0351056519 40.3689403409
0.0576 37.0999 0.1515 153.298987115 -59.0025136758 37.0536309964
0.28845 40.3271 0.1583 64.869008994 -45.5105402154 40.8572341179
0.19193 39.7201 0.119 141.65066244 -62.8601400995 39.8565114931
0.15899 39.3843 0.1249 55.1634282889 -38.5929040435 39.4044529736
0.07849 38.0812 0.1408 160.509806484 -58.1892907333 37.7574274804
0.13864 39.3225 0.1088 99.9239123457 -59.7217900991 39.0793682875
0.23381 40.2708 0.1524 150.718525952 -59.9449613049 40.3373160141
0.15689 39.4044 0.152 102.695265206 -60.3138218322 39.3727598743
0.08806 37.8052 0.1467 164.652850234 -54.2599282397 38.021519602
0.13045 39.2164 0.1236 186.712715253 -40.6015463663 38.9357842059
0.18203 39.6688 0.1231 175.805667019 -49.8826427952 39.7287340764
0.25625 40.4604 0.1604 172.337705743 -51.2886784049 40.5631125174
0.21674 40.1526 0.1307 139.013565683 -61.9480351458 40.1517722644
0.14533 39.2347 0.1339 45.7484668075 -23.2127167605 39.1908872487
0.13639 38.9285 0.1026 159.123062853 -58.8711899304 39.040729718
0.06214 37.1893 0.142 101.762511443 -61.572606238 37.2253754393
0.20515 40.2724 0.1573 48.6853995487 -29.6597858344 40.0179524804
0.36976 41.4167 0.2193 144.709385079 -60.5575046472 41.4835518215
0.1294 38.9859 0.106 66.7731059329 -45.8134307286 38.9167691368
0.26687 40.6543 0.1625 133.007438057 -62.0307849866 40.6636975298
0.27822 40.7204 0.1502 180.716784391 -47.1893598165 40.7672090429
0.17483 39.8628 0.1081 69.5755500844 -48.7537830333 39.6316971043
0.11364 38.4799 0.0973 121.703627749 -62.2692537395 38.612488783
0.11242 38.6981 0.0981 57.9067544759 -39.4658685862 38.5873063877
0.15317 39.178 0.0978 131.346154914 -61.5665235803 39.3156359519
0.19671 40.0694 0.1277 132.051831455 -61.3647877365 39.9160376887
0.18914 40.2121 0.1269 157.549218366 -59.2854838334 39.8211304319
0.17625 39.8026 0.1085 177.794757279 -47.1672948766 39.6511245372
0.21757 40.0901 0.135 59.5468278416 -42.932509534 40.1611004544
0.18563 39.7273 0.1114 112.361105726 -62.3314999066 39.7759265035
0.16356 39.3671 0.1134 148.616993172 -59.2638152323 39.4720989877
0.25721 40.6514 0.1824 60.975662842 -44.0273532347 40.57236095
0.12164 38.9228 0.0989 92.8224671442 -59.0504714393 38.7715782005
0.29448 41.2282 0.2518 107.302726332 -60.879242328 40.9089342057
0.16455 39.4268 0.1015 167.375066486 -54.0994922257 39.4865213729
0.19862 39.9872 0.1211 114.239476785 -62.8369681978 39.9394501169
0.26821 40.7254 0.1744 179.370131177 -46.6449089477 40.6761266157
0.40128 41.4762 0.2155 80.7277532828 -53.8043819467 41.6926094828
0.14581 39.0479 0.0992 48.8887229515 -28.7355116927 39.1987031979
0.0549 36.932 0.1408 147.190228598 -61.000514439 36.9451951655
0.22452 40.5125 0.1504 90.0769024163 -59.9738815499 40.2379477423
0.28655 40.761 0.1772 59.0714758604 -39.3360477289 40.8407380865
0.18388 39.8908 0.1402 68.240941461 -47.3735919486 39.7530926005
0.10351 38.2836 0.096 92.9680907881 -60.4244962361 38.3951705963
0.33136 41.3621 0.2423 75.9754851655 -52.6736367805 41.2054567507
0.21865 40.1055 0.1359 54.0293109909 -34.2921915901 40.1731893489
0.26357 40.4518 0.1576 118.26854998 -62.4137562808 40.6328423285
0.16284 39.6435 0.1094 47.8788317055 -25.8031763008 39.4615589384
0.10683 38.5545 0.0972 107.250617579 -62.4735059412 38.4685244727
0.16477 39.4868 0.114 150.077485457 -59.816496638 39.4897153963
0.1075 38.581 0.1002 152.787178586 -58.0397796295 38.4830664589
0.14823 39.1439 0.1114 111.315237583 -61.5423577984 39.2377467199
0.18589 39.6372 0.1595 79.0097387859 -55.7211995463 39.7793019537
0.12899 38.8732 0.1094 155.825815406 -57.2199506306 38.9093049343
0.50349 42.2531 0.12 170.781827238 -58.0157315367 42.279267171
0.4952 42.2406 0.1163 171.723960034 -58.4891040023 42.2360185558
0.6782 43.3548 0.2218 172.659641018 -58.3296160614 43.0628755775
0.8672 43.6541 0.2493 171.599050765 -58.4741367044 43.718180104
0.7992 43.7069 0.2412 172.075831083 -57.7536141862 43.4998537044
0.37129 41.6158 0.1204 96.3017364013 59.9395202005 41.4940722702
0.28391 40.7451 0.1017 39.1496637151 -52.7617063009 40.8176497035
0.46691 42.5592 0.1474 38.8310703456 -53.1959594675 42.0831790724
0.94791 43.6961 0.286 39.3533809012 -52.660637432 43.9566436578
0.69391 43.1644 0.2714 39.1436803417 -53.2583199593 43.1236462704
0.89791 43.7222 0.2419 39.4194293221 -52.5437666407 43.8113755666
0.78991 43.58 0.1504 39.8963505705 -52.9594225322 43.468639192
0.59091 42.6511 0.1684 38.7686476139 -53.3391888237 42.6987357241
0.2102 40.0112 0.0991 171.87384872 -57.8649951341 40.0770963359
0.8592 43.3992 0.2172 172.399197579 -58.4121395777 43.6933746168
0.5592 42.4972 0.1286 171.92602045 -58.4870558343 42.55374748
0.9972 44.0125 0.2106 171.147102897 -57.9979548237 44.0926667366
0.5834 42.6906 0.1301 171.616371447 -57.7502155019 42.6650708382
0.7972 43.1386 0.2186 171.975806968 -58.7184977531 43.4931633847
0.9142 43.7391 0.2006 172.006277835 -57.7929016442 43.8595553688
0.94921 43.9331 0.2573 172.747417645 -57.8709520632 43.9603196409
0.7342 43.2183 0.1816 171.987326518 -58.3375738741 43.2736891672
0.7662 43.4146 0.1886 171.700110208 -57.6725383943 43.3873393777
0.9842 44.1388 0.2336 171.87209629 -58.2801303811 44.0574450214
0.7012 43.0662 0.1869 171.678834006 -58.3056374564 43.1514016068
0.83716 43.4986 0.2572 237.142714782 42.3813219758 43.6238561178
0.37016 41.4951 0.1115 237.466798093 42.2270805647 41.4863061302
0.35816 41.3023 0.1066 237.282672801 41.8429339607 41.4024593372
0.52216 42.4711 0.1367 237.407461629 42.172407547 42.3742857059
0.70116 43.0662 0.288 236.737504689 42.394103678 43.1512500671
0.74526 43.1074 0.1914 237.390805564 41.8631588278 43.3134983029
0.59116 42.5611 0.1248 236.754547709 41.9391263347 42.69984945
0.62039 42.8391 0.168 96.9559259028 59.58837857 42.8270987631
0.6104 42.8527 0.1401 96.0668299422 60.1224785104 42.7842571908
0.35819 41.3232 0.1 96.2558727306 59.8587843966 41.4026721589
0.75039 43.0707 0.2279 94.8706192183 59.691934708 43.3317709947
0.82238 43.6929 0.2058 96.2329430357 59.2541859803 43.5762349766
0.95039 44.0323 0.2158 97.3895463257 59.6033848784 43.9636520259
0.34039 41.2703 0.097 95.0958082453 59.5953184412 41.2734212383
0.8104 43.4458 0.2381 95.6908360182 60.0641189538 43.5370230762
0.61191 43.0791 0.1612 39.3915855594 -53.0080016476 42.790775045
0.54891 42.2173 0.1388 39.0232644871 -52.8074530005 42.5050355795
1.02991 44.0745 0.2446 39.2937810824 -53.234688441 44.1793237772
0.42291 41.755 0.1043 40.0386622917 -52.9019627504 41.8274745522
0.70191 43.2576 0.2027 39.1192680125 -52.9841256561 43.154090064
0.68591 43.1755 0.2514 38.7786939392 -52.7483395205 43.0928657794
0.93291 43.9381 0.2227 39.6167350745 -53.2956761937 43.9138669644
0.46891 42.0597 0.1138 39.667628513 -52.4999833232 42.0942632766
0.95991 44.1935 0.2592 39.6398177099 -53.2981168347 43.9903893414
0.8412 43.5212 0.2041 171.860216482 -58.2641617825 43.6367311068
0.5632 42.5683 0.1177 171.761512914 -57.7205653735 42.5724564579
0.8292 43.6923 0.2105 171.335867378 -58.0001004119 43.5983112298
0.57921 42.5419 0.1202 172.030024518 -57.4106243782 42.6461107476
0.8652 43.7322 0.209 171.901844192 -58.7010116115 43.7119996727
0.8592 43.7145 0.2514 171.273082836 -57.7397127099 43.6933746168
0.58621 42.8901 0.1412 172.894969979 -57.9155196372 42.6777146661
0.4892 42.1884 0.1097 171.638864849 -58.4609060475 42.2042940843
0.68921 42.9582 0.1679 172.738936199 -58.1915277631 43.1056039976
0.32416 41.1852 0.0956 237.200855355 42.3420966585 41.1500347391
0.18516 39.7938 0.0985 237.395009562 42.1249436306 39.7698136074
0.68116 42.9702 0.1676 236.658906601 42.5734531635 43.0744275495
0.92116 43.6999 0.2535 236.077313259 41.9109251444 43.8798849888
0.42816 42.0851 0.1151 236.480245363 41.9750410908 41.8592461058
0.69916 43.3739 0.2341 236.471996514 42.390327947 43.1436625377
0.57516 42.7071 0.1355 237.38466602 42.1058026713 42.6276611565
0.51116 42.4458 0.1183 236.943593386 42.2083380239 42.3186941204
0.64116 42.9704 0.18 236.829952364 41.7983771779 42.9141198812
0.35116 41.5812 0.1022 237.094103058 41.8542227554 41.3523468245
0.34916 41.4848 0.1079 236.435200663 42.4996447191 41.3378601533
0.35486 41.5527 0.1038 236.564903239 41.8491049733 41.3789482085
0.87116 43.7094 0.1895 235.947164701 42.076011812 43.7303765274
0.92516 43.9963 0.1736 236.926913555 41.6164243791 43.891500748
0.4194 41.9249 0.1112 96.3725503361 60.1516969403 41.8060289583
0.89038 43.5464 0.2019 96.9601290099 59.3688323133 43.7888153123
0.48038 42.1157 0.1076 95.44725079 59.3880114296 42.1569954769
0.58038 42.7054 0.1669 95.5601778235 59.2808576602 42.6514180441
0.80538 43.4041 0.2179 96.1142353312 59.3886696596 43.5204250398
0.66438 43.0143 0.1824 96.1200446774 59.2978755262 43.0082972783
0.74538 43.3325 0.1791 95.8799602137 59.2221887594 43.313927112
0.7364 43.1336 0.1648 96.7174271979 59.9732950692 43.2816534239
0.37039 41.3913 0.1008 96.4577118781 59.5013949399 41.4878886169
0.85039 43.6882 0.1843 95.5486375917 59.8886248618 43.6657963334
0.21938 40.1769 0.0994 96.2899157324 59.0629075825 40.1813294106
0.64739 42.9281 0.1655 97.2844811139 59.4616481635 42.9397017203
0.60038 42.7324 0.1551 96.2708173744 58.9909300481 42.7406167307
0.76039 43.2605 0.181 95.9132035048 59.9812765449 43.3670478517
0.47039 42.1723 0.119 95.0070933362 59.7096141265 42.1024373584
0.49791 42.2527 0.1269 39.0001877821 -53.2550463119 42.250230257
0.50791 42.3141 0.1162 38.8000474806 -52.695070577 42.3020556064
0.58791 42.7706 0.1398 38.6299062743 -53.3126035203 42.6853362871
0.69992 43.071 0.167 38.5761592424 -52.9570189108 43.146548237
0.78891 43.4367 0.1841 39.3033947809 -53.3738795362 43.4652580784
0.40591 41.9219 0.1033 39.2061927667 -52.6626340833 41.722033294
0.80892 43.8998 0.2287 38.5214491332 -53.0991191901 43.5321399905
0.58392 42.9355 0.1287 38.605619337 -53.1746226798 42.6674149372
0.72091 43.3749 0.2139 39.026631083 -52.4693123709 43.2250859081
0.83791 43.6702 0.2023 39.6551821835 -53.1336585227 43.6262508278
0.80691 43.5547 0.2567 39.4717757356 -52.6899931282 43.5254943784
0.50016 42.3748 0.1294 236.516813358 41.7430726649 42.2619749969
0.53316 42.278 0.1598 236.352257261 42.0539181604 42.4287938689
0.82116 43.4615 0.258 236.508702678 42.6720047094 43.5722671579
0.12516 38.8146 0.0986 237.051802054 41.7105601291 38.8384836346
0.44316 41.9318 0.1263 237.125387507 42.0570619502 41.9480750937
0.68339 43.308 0.3176 96.9601344155 59.6572342216 43.0830990185
0.72639 43.2195 0.1833 97.0444543754 59.7323293436 43.245230126
0.40439 41.7838 0.1025 96.4710374027 59.6507809142 41.7124079519
0.69038 43.0851 0.2015 96.6816272916 59.3907668728 43.110106316
0.57639 42.6105 0.1242 95.1834660845 59.629641911 42.6332772479
0.72039 43.205 0.2286 96.1237844657 59.9145076275 43.2231668042
0.76039 43.386 0.2474 97.0983520875 59.6850113648 43.3670478517
0.55091 42.4893 0.1231 39.7601653978 -52.793963387 42.5145700473
0.8489 43.6376 0.2384 40.2998814591 -53.129801591 43.6611046925
0.43591 41.705 0.1017 39.04900284 -52.9595586667 41.9054944455
0.30191 41.0103 0.0966 39.3228863582 -52.607909052 40.9713166479
0.58119 42.8356 0.1375 171.412987231 -58.3617871749 42.6550864337
0.34621 41.4707 0.1049 172.658950832 -58.1984008785 41.3163523831
0.3312 41.1066 0.0988 171.460235892 -57.8376605685 41.2042372262
0.44939 42.1286 0.141 95.8030736391 59.5537473627 41.9841527405
0.2916 40.8183 0.1129 96.4463720307 60.1869230293 40.8843641581
0.46109 41.949 0.1336 96.3128820951 59.772873458 42.0506714465
0.63291 42.9853 0.2166 39.0399918035 -52.6950807983 42.8798784809
0.26891 40.5021 0.0993 39.4008422746 -53.0465172896 40.6825967494
0.92591 44.0444 0.2917 39.0799564018 -52.4990552513 43.8936732267
0.62591 42.7754 0.1361 39.7256165998 -53.3294074361 42.8504921101
0.60891 42.7085 0.1318 38.8274896865 -52.8588420068 42.7778107258
0.57891 42.5583 0.1399 39.1027541382 -52.6752181559 42.6447482781
0.7202 43.1388 0.2278 172.60780382 -58.436281164 43.2224652624
0.7672 43.5806 0.2019 172.114847377 -57.8978443932 43.3908169544
0.3682 41.5714 0.0991 171.563257896 -57.7418955207 41.4727837361
0.8492 43.6397 0.2092 171.77970779 -58.6116688328 43.6620499611
0.77721 43.4029 0.2318 173.214216654 -58.067302716 43.4253889837
0.58421 42.5958 0.1214 172.247885968 -57.503654538 42.6687213699
0.5892 42.6285 0.1328 171.33598774 -58.020680829 42.6911059179
0.7692 43.5383 0.2114 172.021699702 -57.9116531547 43.3977590384
0.5142 42.4545 0.1249 171.96441905 -57.6360895129 42.3341684326
0.63821 42.6897 0.2399 172.82920914 -57.9860575567 42.9019241812
0.43521 41.8822 0.1093 172.30920602 -57.5732652459 41.9013485683
0.58421 42.8026 0.1433 172.262537352 -57.4907381936 42.6687213699
0.66259 43.0624 0.1872 171.252292666 -58.2178748057 43.0011493332
0.62116 42.7445 0.1707 237.08027017 42.106148544 42.8303737504
0.41616 41.8484 0.1117 236.499567365 41.9829404198 41.7860852761
0.45117 41.7217 0.1274 237.538488835 42.3253336687 41.9943755127
0.73316 43.432 0.2888 236.267876666 42.0648568225 43.2699162781
0.74116 43.6646 0.2671 236.971307058 41.5300764917 43.29880737
0.34916 41.117 0.1055 237.306259267 41.8994068285 41.3378601533
0.51416 42.5452 0.1285 236.439160523 42.3632875397 42.3339653781
0.64339 42.9327 0.2047 96.4774391795 59.7834835321 42.9233037586
0.26338 40.5338 0.1 96.8024432451 59.3792310109 40.6310550272
0.7424 43.2518 0.2326 96.4001447449 60.1181356496 43.3032586917
0.91039 43.9615 0.2402 95.5241030478 59.8614514637 43.8483624261
0.3374 41.2239 0.0996 96.6147210373 60.0787821706 41.251102426
0.98339 44.237 0.2513 95.9021030557 59.7358408584 44.0552352907
0.81338 43.6203 0.1977 96.8531837635 59.2804523128 43.5468291173
0.8174 43.6651 0.1656 96.4162666047 60.2640920934 43.5600024624
0.96038 43.8253 0.2645 95.4733934426 59.3433669899 43.9917025984
0.75639 43.407 0.2049 96.0121258115 59.7173336155 43.3529909269
0.87891 43.756 0.2037 38.70847267 -52.9601217133 43.7540903291
0.80991 43.515 0.2316 40.0043721261 -52.7220311198 43.5354073347
0.62791 42.7202 0.1095 38.9166559276 -53.2959223827 42.8589198252
0.93491 44.0254 0.3298 39.5544349982 -53.2288347788 43.9196093346
0.69791 43.1483 0.1835 38.8649300603 -53.323224919 43.1389098028
0.76791 43.7642 0.2309 40.1694273623 -52.9217460387 43.3932833865
0.86491 43.6967 0.2224 39.446624384 -52.988448511 43.7111023561
0.51491 42.3106 0.1154 39.9380290082 -52.6659588353 42.3377701985
0.47091 42.4353 0.1305 40.113944214 -53.1132864423 42.1053036632
0.92891 44.1091 0.2751 39.5285429403 -52.4368300058 43.9023459389
0.6312 42.7932 0.1436 171.85108483 -57.6132808151 42.8727283107
0.6162 42.8949 0.1439 171.722542174 -58.4790108874 42.8092101102
0.5652 42.6139 0.1337 172.093456178 -58.6799411822 42.5817642234
0.55819 42.5867 0.1317 170.949154211 -57.8878758884 42.5490036071
0.7362 43.4297 0.2214 171.97393041 -58.2642133442 43.280930344
0.7622 43.2939 0.1881 171.568714671 -58.3597785031 43.3733852572
0.8592 43.8966 0.2545 172.430259243 -58.2209796233 43.6933746168
0.5592 42.9339 0.1486 171.271663741 -58.1622355616 42.55374748
0.92116 43.8296 0.3064 237.034977715 42.2122353977 43.8798849888
0.47516 42.0471 0.107 237.13921304 42.5088822345 42.1286205851
0.89216 43.8616 0.2325 236.472906528 42.3023544731 43.794165044
0.63116 42.4999 0.1804 236.724958584 42.0372941516 42.8725608359
0.73516 43.331 0.2453 237.153201138 42.3230050394 43.2771672892
0.41816 41.7002 0.1064 236.634636231 41.6255610985 41.7984130651
0.53516 42.3022 0.1251 236.555007462 42.1906889888 42.4385913256
0.73416 43.4185 0.2062 236.126963405 42.0779300074 43.2735441508
0.60916 42.8609 0.1484 236.888418676 42.3828398029 42.7788933865
0.70116 43.1468 0.1768 237.228856256 42.3478907948 43.1512500671
0.98216 44.0528 0.2265 236.129893837 41.8880454625 44.0518763432
0.75816 43.3634 0.1814 236.735365888 42.3188499266 43.3592199105
0.64339 42.9232 0.2159 96.2691227065 59.6534424864 42.9233037586
0.51539 42.4417 0.1713 95.3881131495 59.5795961092 42.3402025698
0.80538 43.3728 0.1817 95.9454431631 59.4239553887 43.5204250398
0.80039 43.1261 0.2252 95.8898895074 59.516530743 43.503826774
0.71538 43.1946 0.2156 96.5286796329 59.1157070913 43.2046087645
0.76639 43.5371 0.2237 96.6491805792 59.4606980082 43.3880004533
0.90139 43.8757 0.2188 97.1977710513 59.4250278609 43.8217394705
0.71839 43.0768 0.1725 96.6056427338 59.8910344425 43.215773259
0.57938 42.5024 0.1171 96.1675593828 59.1505238936 42.646882519
0.96038 44.1592 0.2124 96.0241559053 59.0344901263 43.9917025984
0.64839 42.8599 0.1618 96.2060416681 59.5515714996 42.9437861953
0.93639 43.7994 0.2119 95.3557339414 59.6829474129 43.9238509409
0.46138 42.1053 0.1045 95.3045173681 59.4950738693 42.0523002336
0.67039 43.142 0.1853 96.3099628213 59.6979833448 43.0321635884
0.24639 40.518 0.1025 95.9372193849 59.9092368316 40.4662341286
0.16939 39.5877 0.1078 95.6222038504 59.619560704 39.5558908574
0.63892 42.7988 0.1891 38.3556816836 -52.7019157214 42.9048642911
0.77391 43.5278 0.2285 38.9408708133 -53.1132045185 43.4140392343
0.37091 41.4766 0.0995 39.5856249147 -53.2500681511 41.4914630799
0.69992 43.253 0.1959 38.3134303026 -52.806147086 43.146548237
0.37391 41.5029 0.1032 39.1613649658 -52.7770644628 41.5119953055
0.85391 43.6036 0.2172 38.9828403037 -53.3559025536 43.676848292
0.60392 42.945 0.148 38.3111900255 -52.7627621159 42.7561125979
0.53491 42.2546 0.1208 39.4032092753 -53.1352526263 42.4373685185
0.40091 41.6103 0.1048 38.9102248768 -53.2209180679 41.6902446189
0.37191 41.5445 0.1021 39.9580382335 -52.7140325987 41.4983240953
0.84091 43.3091 0.2194 39.2422473654 -53.3702016643 43.6358089134
0.53216 42.3792 0.1328 236.459889197 41.9091567597 42.4238822417
0.93116 43.9703 0.3437 236.556435149 42.411280721 43.9088324839
0.55316 42.6173 0.1347 237.391680189 42.1230595288 42.525257619
0.84116 43.6473 0.2617 236.853344493 41.6934664235 43.6366039261
0.72739 43.2275 0.23 97.1851927367 59.6062014676 43.2488903703
0.44238 41.992 0.1051 95.9578337565 59.1510165914 41.9435250977
0.5194 42.3964 0.1112 96.194779155 60.2242529101 42.3604407706
1.06039 44.0718 0.2623 95.5314464952 59.6310949704 44.257656923
0.26838 40.5831 0.0965 96.3141279706 59.3944605449 40.6776993592
0.69892 43.1299 0.2438 38.5136739645 -53.1247682111 43.1427506421
0.73091 43.0654 0.2149 38.9718305915 -52.8807334694 43.2617361919
0.99891 43.9138 0.1425 39.9179982899 -53.1370476584 44.0972660209
0.40991 41.7752 0.1019 39.509884745 -53.2293908156 41.7472050163
0.23042 40.3134 0.1233 224.583920802 -54.2996679858 40.3014840377
0.38116 41.9271 0.1398 236.484113241 42.1241317317 41.5609951403
0.15258 39.2706 0.1054 176.27138564 37.0420084484 39.306457499
0.43651 42.1537 0.1378 148.597679863 52.1382245841 41.9090431525
0.10215 38.4808 0.099 235.887583771 41.2313903874 38.3644784371
0.37117 41.4568 0.1077 237.276669546 43.2492556345 41.4932485811
0.46116 42.1103 0.1295 236.322854731 43.2269385916 42.051064689
0.19561 39.8297 0.0995 176.703067571 38.6408012686 39.9024585855
0.31086 41.0669 0.1031 237.234860498 41.53352744 41.0446151045
0.03173 35.7964 0.1453 149.055207878 51.2525426499 35.7180883664
0.1267 38.7761 0.1064 136.546919472 70.4171719567 38.8672011479
0.23051 40.1286 0.1176 149.4960665 51.9311345955 40.3024415828
0.26041 40.5531 0.1147 99.8684473331 60.2488516303 40.6029615479
0.22116 40.2111 0.1175 235.542011985 42.8621108164 40.2010736101
0.44739 41.877 0.1789 96.745333425 59.7112849912 41.97262161
0.33607 40.9693 0.1322 84.9233947442 45.0159622243 41.2411161736
0.5304 42.1178 0.1782 100.674539595 59.7321479193 42.4152167753
0.57606 42.6046 0.2135 85.0390998613 44.5601507944 42.6317715985
0.38738 41.6298 0.1776 98.3393273493 58.8571663594 41.6023538699
0.36004 41.2717 0.1227 84.9092807999 43.6030066749 41.4157645765
0.34703 41.1003 0.1308 85.4885795327 43.3228479403 41.3223476773
0.44339 41.8285 0.1484 98.3210672919 59.6393085402 41.9494153431
0.35007 41.1809 0.1138 85.46493225 45.2539160948 41.3444610271
0.43018 41.8848 0.1336 169.165209611 -58.6459065136 41.8713746795
0.50878 42.1654 0.1634 84.0759149439 -57.8036766324 42.3065193208
0.28878 40.8482 0.1144 81.0258366711 -57.6475688556 40.8600890402
0.17262 39.8482 0.116 177.564116243 38.7919063442 39.6011684095
0.31819 41.1344 0.1434 171.345549563 -59.2461471752 41.1032160085
0.27561 40.8465 0.137 222.519145379 -54.3851452599 40.7437541393
0.10294 38.2379 0.1103 222.870606317 -53.9133009973 38.3823536366
0.20917 39.9089 0.1359 168.514172506 -58.3678655521 40.0651405767
0.54058 42.4122 0.2524 175.600479433 37.5584198809 42.4649712053
0.3506 41.3633 0.1533 176.711168626 38.4795451807 41.3482982225
0.26962 40.6017 0.1283 223.275600057 -53.9951961228 40.6891435235
0.24963 40.1915 0.1653 222.353717542 -53.2249340697 40.4984556403
0.2196 40.1577 0.1611 221.180891886 -54.5707949494 40.1837776845
0.40058 41.5624 0.1607 175.064897096 38.3193370609 41.6881337162
0.32116 40.9146 0.1275 237.277947055 42.3122707748 41.1266076988
0.45116 42.0369 0.1372 237.272027192 42.383436906 41.9943181859
0.16116 39.4731 0.1036 236.883998323 40.8154334102 39.4367960443
0.35116 41.4206 0.1036 235.707898478 42.1036216349 41.3523468245
0.24919 40.3801 0.11 169.871012933 -57.8702370089 40.4941025271
0.0824 37.9089 0.1456 97.8116785355 60.226669508 37.8688458355
0.10558 38.4713 0.1066 175.738747436 37.7085811408 38.4411622999
0.33068 41.3686 0.1416 138.985098427 68.0885160945 41.2002700282
0.1017 38.305 0.1017 140.556306524 69.0150160696 38.3542378562
0.30008 40.9067 0.1335 85.0952970527 45.4858947266 40.9560839217
0.13258 38.9051 0.0999 138.22296412 69.5344458373 38.9739212298
0.27067 40.6843 0.1159 137.144029978 68.1084789789 40.6987963947
0.10037 38.3379 0.124 98.2910116343 58.5725392309 38.3237188536
0.36008 41.4348 0.1406 83.6299250602 45.5796241711 41.4160469714
0.42307 41.9671 0.2569 83.7706043687 44.9425457103 41.828448203
0.30006 41.0352 0.1091 83.3455197916 44.411618205 40.9559169729
0.14706 39.2312 0.1022 84.9494447404 44.5499693109 39.2189451387
0.2288 40.3173 0.1125 64.4029045817 -43.282121347 40.2841890723
0.14381 39.2177 0.1019 61.5153435417 -44.362285312 39.1659768363
0.24586 40.5568 0.1047 235.482994607 42.365185237 40.4609262753
0.13609 39.1522 0.1158 171.304646654 -58.5727600114 39.0355329437
0.14918 39.1358 0.1043 170.221079584 -59.1159306204 39.2529114427
0.24454 40.4182 0.1056 150.754783742 53.098748176 40.4476608287
0.34116 41.229 0.1011 236.280774985 42.4003131687 41.2791397012
0.61917 42.8481 0.1689 237.489146827 42.2835058395 42.8219019467
0.22116 40.224 0.1022 236.583351921 42.7586282467 40.2010736101
0.09957 38.508 0.1408 238.689705643 42.0258699146 38.3051767926
0.40939 41.7613 0.2235 99.175913633 59.6988121026 41.7439455519
0.15116 39.4272 0.1747 237.656700207 41.6362438284 39.2842307191
0.5105 42.18 0.2679 148.103518632 52.0096760984 42.3153232233
0.38154 41.5854 0.1299 150.339116522 52.932348839 41.5635396565
0.27968 40.612 0.1066 138.671018338 68.6416319872 40.7802413919
0.43007 41.8563 0.1638 85.0187274694 44.9087254917 41.8707155704
0.55007 42.4343 0.1885 85.1144696714 45.1978854116 42.5105695286
0.32304 41.2754 0.1337 84.9940450092 43.5165594808 41.1413120402
0.36005 41.3939 0.1265 85.5363797637 44.0605237665 41.4158351779
0.33107 41.3276 0.1711 86.6503338403 44.9906542242 41.2032459637
0.45041 41.6974 0.1357 97.1949710431 60.844770388 41.9900153151
0.06421 37.4225 0.1492 172.465336531 -57.8786213224 37.2997093035
0.0657 37.2839 0.1473 223.536448539 -55.0523118356 37.3518036107
0.3288 41.2118 0.1237 63.9929475018 -43.7456040879 41.1858790818
0.63381 42.7351 0.2201 62.9065702079 -43.4281568969 42.883634385
0.13963 39.1338 0.1065 224.195648166 -53.6386871281 39.0961838782
0.43061 42.0706 0.1594 176.834297827 39.0406019527 41.8739497018
0.21661 39.973 0.1438 224.212076363 -55.0239789585 40.1503082406
0.3806 41.4853 0.1623 176.233795741 38.9620754893 41.5572410628
0.4206 41.768 0.1757 175.702944607 39.1412966241 41.8133793879
0.19963 39.9602 0.1423 223.791901188 -53.8056494543 39.951746559
0.51058 42.0737 0.2255 175.987422041 36.9535688269 42.3157320334
0.43059 41.9279 0.1617 175.139887794 38.8464198003 41.8738299861
0.32059 41.1851 0.1418 177.296959053 36.737719235 41.1221338407
0.57059 42.6646 0.2572 176.593052827 37.6641622222 42.6066954987
0.48115 42.3704 0.1753 236.316570991 40.7644140221 42.1611567633
0.40117 41.4956 0.1584 237.419346533 42.6289782035 41.6919066254
0.17451 39.443 0.1012 147.601197994 52.5483229649 39.6272988961
0.33017 41.2901 0.111 237.45238926 42.8657297986 41.196373549
0.22959 40.2962 0.1297 222.544350019 -55.2159875564 40.2926370746
0.2937 40.8882 0.1426 140.867000846 69.2603974969 40.902301688
0.21053 39.9369 0.1024 149.584453886 52.7425426264 40.0809153909
0.27069 40.5942 0.1047 141.132832546 68.5953541495 40.6989799247
0.31053 41.0701 0.1084 150.68463423 52.5802878251 41.0419471072
0.36006 41.5448 0.1353 84.6128408379 44.4124470272 41.4159057776
0.37054 41.259 0.1306 149.559142087 53.3764219373 41.488920186
0.35007 41.3415 0.1177 83.4591740749 44.8246635481 41.3444610271
0.41038 42.078 0.2207 99.1723504464 58.7903466658 41.7501477868
0.32067 41.3134 0.1529 135.439372727 68.8064296652 41.1227621913
0.10705 38.454 0.1018 85.7396474161 44.1195949315 38.4733089201
0.51004 42.1811 0.1435 85.0395474879 43.6532313257 42.3129714049
0.36881 41.3311 0.124 62.7395402392 -42.5030976872 41.4769993262
0.13838 39.0538 0.1003 63.0630911677 -43.6728353317 39.0749334662
0.02979 35.506 0.1368 85.9216659316 -33.4271780324 35.5779701062
0.01457 33.9827 0.137 54.1680210847 -17.2742571855 34.0001246937
0.04698 36.4742 0.1384 298.246179202 74.7748177947 36.5945275087
0.08002 37.6929 0.1398 7.84875789616 55.5007979166 37.8016431331
0.00809 32.447 0.138 246.206479532 22.1116696652 32.7118453776
0.03416 35.9663 0.1421 20.1728687633 58.6082787004 35.8822234375
0.01556 33.9 0.139 302.236582224 51.7727955013 34.1445043206
0.02788 35.5569 0.1378 187.63281408 -51.7316112843 35.4310006257
0.03295 36.0041 0.1378 64.8490602371 -75.2102780791 35.8019729039
0.0139 34.005 0.1375 72.3384564504 -43.4130507652 33.8967968485
0.02066 34.7002 0.1379 236.803878551 54.2793062771 34.7684644812
0.03154 35.9841 0.1414 196.177821638 -63.9204570466 35.7047412333
0.01773 34.439 0.1363 271.844492926 45.2406440516 34.4315633123
0.01042 33.404 0.1376 320.980725631 -45.7764181332 33.2653092261
0.01682 34.4628 0.1438 169.456814653 -64.7914013544 34.3156566975
0.01916 34.6787 0.139 113.130890259 -71.650225541 34.6023391066
0.04834 36.7218 0.145 54.6253291578 -33.6242634777 36.6586300827
0.02762 35.7217 0.1387 66.7562171805 -26.3323026933 35.4102351069
0.02734 35.616 0.1404 183.197535081 -46.7361573284 35.3876567544
0.01496 34.197 0.1443 221.541024142 -33.0814576573 34.0581270794
0.02081 34.8966 0.1332 178.547106796 -35.7171105926 34.784418131
0.05549 36.9325 0.1376 253.551024233 15.921989727 36.9693229896
0.01595 34.4892 0.1537 113.091540287 -49.4843733932 34.1989010369
0.03211 35.8608 0.1325 353.037754984 21.0795403095 35.744549715
0.02187 34.7225 0.1383 224.670329417 68.0505112988 34.8940302757
0.04243 36.3148 0.1392 126.451376882 -64.2184349432 36.3661560975
0.0336 35.7134 0.1378 247.003098741 -18.2259808501 35.8454338666
0.01359 33.8237 0.1374 226.659635991 31.6145017854 33.8473089159
0.00705 32.3425 0.14 354.84150837 39.8744137844 32.4113176303
0.04205 36.3144 0.1367 134.472990521 -42.9541887259 36.3460198553
0.03917 36.3517 0.143 140.824064026 -25.115487103 36.1873913244
0.0259 35.4081 0.14 186.889847167 38.4827961876 35.2678327843
0.02395 34.9741 0.139 136.958260707 81.7938920466 35.0946981831
0.0389 36.0678 0.1733 203.142908133 67.4753416275 36.1719423936
0.06905 37.5349 0.1673 241.923031538 51.6853976675 37.4649053862
0.02524 35.247 0.1512 179.691969127 36.110512082 35.2107110486
0.02146 34.8899 0.1394 68.8531530597 19.0908336149 34.852266646
0.08392 37.9617 0.1819 339.472760142 63.7432258561 37.9108040586
0.03079 35.5095 0.2216 353.788975965 56.1897183429 35.6512756
0.06839 37.7276 0.1615 68.0496286004 87.855976026 37.4430451451
0.02334 34.9058 0.1414 243.949341131 81.31536612 35.0376834298
0.04921 36.6566 0.1518 62.8620702463 81.842104292 36.6987268666
0.03906 35.8583 0.1704 348.991908519 47.3774480923 36.1811098715
0.0308 35.7155 0.1398 98.2349222351 -27.742563657 35.6519968218
0.03344 35.9458 0.1393 90.7392765504 -23.2120585354 35.8348125039
0.03712 36.2527 0.1851 137.035991949 -28.1401238139 36.0674012551
0.03597 36.1282 0.1444 121.852282345 -26.5289166777 35.9972294109
0.0228 35.0951 0.1425 72.4335365588 36.0391739957 34.9859750135
0.01408 34.0162 0.1403 149.443012867 19.973299722 33.9250328487
0.02885 35.3672 0.1413 161.381144312 31.6830821279 35.5068315412
0.02298 35.056 0.1416 108.868019972 -38.3652562612 35.0033437751
0.01504 34.2532 0.1416 137.684349662 -24.6006029471 34.0698399761
0.0321 35.8108 0.1475 178.978841453 32.0740159521 35.7438572961
0.06416 37.1072 0.1513 111.478827701 31.7061714505 37.2979411083
0.01334 34.1675 0.1848 256.450762194 27.472426822 33.8065783401
0.01668 34.3968 0.1438 28.8532097648 46.0396199053 34.2972771185
0.05335 36.8283 0.1588 115.616860698 58.1552961744 36.8805956051
0.02656 35.3406 0.1387 57.5824370506 18.8186477773 35.323542953
0.0251 34.9617 0.1379 67.3227239417 -40.2926233569 35.1984058709
0.02419 35.1808 0.1395 118.248161404 66.4020103558 35.1167397615
0.04356 36.3975 0.3105 233.054856353 18.5723410153 36.4250157704
0.03659 35.9072 0.1428 77.6540862018 59.248453259 36.0353285214
0.03411 35.7558 0.1589 20.1304784144 58.6162445139 35.8789626964
0.02453 34.932 0.1393 242.825161695 77.162640608 35.1476001788
0.0173 34.299 0.1524 150.241582119 -13.6287364635 34.3775449652
0.008 32.7872 0.1463 172.181850428 -53.6492791919 32.6874030352
0.01243 33.8451 0.1426 191.602999712 -41.2163065384 33.651652271
0.01247 33.6297 0.1424 195.996479427 34.1466099878 33.6586949843
0.01703 34.2834 0.1464 205.312686911 -72.0327303731 34.3429446712
0.02212 34.8626 0.1425 206.947864862 62.3114147915 34.9191192782
0.01526 34.2132 0.1752 93.5436663008 -38.3006297707 34.1017355115
0.01985 34.6301 0.1503 168.308563865 -53.0931627153 34.6802924122
0.01621 34.3374 0.1815 220.773547438 17.1068596444 34.2344399651
0.01123 33.8598 0.1436 140.497833588 47.0332941138 33.4292109246
0.0328 35.9443 0.1455 103.610067825 -33.979914091 35.7918245021
0.01313 33.9032 0.1409 140.200092628 25.8100742605 33.7717762556
0.01678 34.2749 0.1432 124.770129603 62.3700822906 34.3104208552
0.00773 32.6538 0.1424 82.8201268918 -50.6399195483 32.6124014429
0.01202 33.3946 0.1424 102.85008077 -62.1599103132 33.5781413284
0.05389 36.7117 0.1501 77.6700459822 26.670068372 36.9033046145
0.01602 34.018 0.1428 125.88005637 -30.5599127285 34.2085252146
0.02362 35.1605 0.1461 76.4601037875 -42.0599149979 35.0640338271
0.00957 32.9285 0.1392 143.179985724 -55.1799297144 33.0791208373
0.03153 35.6863 0.1403 59.6599933337 48.7400610023 35.7040365757
0.01334 33.5075 0.1399 152.830025114 -35.8699411648 33.8065783401
0.03799 36.332 0.1399 125.720031829 -50.0899176929 36.1190934555
0.01544 34.3071 0.1491 130.440047778 -28.9499199448 34.1274954579
0.00835 32.5672 0.1505 255.040094675 23.7299246206 32.7809674131
0.02577 35.2667 0.192 186.580141024 39.5900112524 35.2566954461
0.02045 34.3858 0.1479 166.350103328 22.7900445906 34.7459365979
0.03646 36.1757 0.1409 99.880053251 42.1600875015 36.0273924457
0.02321 35.0357 0.1412 53.4400486211 23.3100377243 35.0253434722
0.01602 34.2495 0.1414 126.830046348 -30.3399151729 34.2085252146
0.0218 34.9185 0.1411 194.170097485 15.4800069136 34.8869547565
0.05891 37.0606 0.2078 149.138214929 56.5284251766 37.1044883956
0.04059 36.4117 0.1461 108.953615683 34.2917630547 36.2669725946
0.01647 34.2214 0.1844 99.1988620229 -52.0665226746 34.2694200143
0.01544 33.9605 0.1405 130.917749939 -28.3197684979 34.1274954579
0.01449 33.954 0.1405 203.699954808 46.8789706743 33.9880370881
0.01707 34.2235 0.1521 168.318443243 42.3069835804 34.3481046804
0.01596 33.7609 0.1404 218.927849661 77.732669592 34.2002784723
0.02474 35.0767 0.1804 156.459452034 50.0844488892 35.1664517293
0.03762 36.1697 0.1573 36.8957929692 69.232360535 36.0972518926
0.03031 35.5916 0.1415 6.54454086187 39.2994402443 35.6163845393
0.02827 35.5138 0.1431 57.365847611 45.9150549272 35.4617955861
0.01535 34.2827 0.17 137.591781662 -24.6343834214 34.1146528195
0.03449 35.8336 0.1727 96.9461337289 82.1932386177 35.9036281384
0.0319 35.7475 0.1513 234.770629593 23.1497725121 35.7299644388
0.0338 35.7337 0.2278 200.28519027 45.2122560227 35.8586412964
0.03375 35.937 0.164 134.835280132 55.3121492233 35.8553466108
0.00667 32.842 0.1391 101.180165947 53.2186374784 32.2903681718
0.07472 37.267 0.2211 109.55482049 25.4363860815 37.6448647796
0.02419 35.1572 0.1464 110.66115268 -34.3296955765 35.1167397615
0.03213 35.9727 0.1435 220.67944121 70.1177379644 35.7459339204
0.03341 35.7566 0.1505 223.786096963 54.7932610425 35.8328154717
0.02239 35.1794 0.1812 26.4820454947 24.9582103923 34.9459038542
0.01025 33.2503 0.1409 334.894823398 52.7027338357 33.229308203
0.01033 32.8845 0.1672 309.894959378 43.0608283707 33.2463230831
0.01045 33.3999 0.1404 98.8946475522 -36.5431919022 33.2716017977
0.03671 35.9504 0.2675 136.905181011 -28.6567630466 36.0426297616
0.00508 32.5235 0.1407 202.200611661 -53.1602950151 31.6964049211
0.01224 33.8288 0.1419 47.3974158235 -25.3752641588 33.6178897405
0.02484 35.2128 0.1448 153.609792927 33.9738431731 35.1753734664
0.01948 34.7226 0.1425 165.586549783 18.243911227 34.6388297451
0.02922 35.6985 0.1438 207.219954524 10.2584275233 35.5351001435
0.04016 36.1515 0.1393 66.633992342 29.5532056051 36.2431638394
0.05491 36.5979 0.1689 115.23369623 -72.0333470068 36.9456061924
0.03358 36.0406 0.1473 162.495358382 -40.7351347653 35.844108902
0.02818 35.3893 0.1493 91.4686424322 34.0583345761 35.454726189
0.03156 35.7009 0.1448 124.078425503 63.1099012501 35.7061498932
0.01698 34.2039 0.1524 12.2683789693 31.8214618884 34.3364778013
0.03753 36.1099 0.1487 322.227632417 36.9815178119 36.0919074279
0.03002 35.2521 0.1521 325.843107641 37.813655315 35.5950414379
0.01681 34.6736 0.1477 98.9017468475 -54.7968456029 34.3143488909
0.02968 35.4047 0.1496 64.0938047822 40.162654863 35.5697598774
0.04943 36.64 0.1981 148.919912163 -12.3302460828 36.7087575364
0.04119 36.2673 0.1397 155.515193928 -12.5800787561 36.2997872408
0.03266 35.6238 0.1485 89.5158123389 -42.4439087637 35.7823116474
0.03163 35.277 0.1811 104.081073415 -32.8294624972 35.7110733352
0.01614 34.396 0.1436 127.091136573 66.653534381 34.224927519
0.02662 35.4186 0.147 75.5470820003 -35.325756994 35.3285399528
0.03043 35.6615 0.1469 222.390079376 50.4813409478 35.6251577445
0.00707 32.5399 0.1535 136.564045145 -52.4319620198 32.4175024225
0.07029 37.3367 0.1658 148.225977831 57.9172833397 37.5054400091
0.02183 35.2706 0.1413 187.843194094 49.3497559894 34.8899898565
0.05351 36.971 0.1441 146.847799143 65.9399489601 36.8873472607
0.02739 35.467 0.1402 280.486013925 72.5311390658 35.3917051875
0.03513 35.8071 0.1779 137.417775418 41.4152547833 35.944576268
0.03276 36.0023 0.1801 79.6470078914 24.5114293817 35.7891105999
0.04584 36.595 0.1591 154.477907923 73.238657451 36.539393114
0.06143 37.3163 0.1647 291.943461082 73.7342311835 37.1993299779
0.04693 36.5968 0.1584 323.348545486 33.2843875824 36.5921366666
0.01994 34.8085 0.1461 117.542278852 -31.2528654595 34.6902627085
0.03959 36.1934 0.1447 130.301911152 -47.9391689718 36.2112180981
0.0364 36.2027 0.1476 144.331491018 -10.6819139857 36.0237203292
0.03297 35.7696 0.1423 136.609389379 -57.2815003582 35.8033226111
0.02466 35.0347 0.1417 212.239602877 -47.4357439678 35.1592887922
0.01012 32.9229 0.1389 337.331933685 38.1027979225 33.2013759309
0.02834 35.4605 0.14 193.711440938 -20.3667710487 35.46727877
0.00931 33.2783 0.1409 127.582648493 51.0175838184 33.0188780645
0.0205 34.7755 0.1449 278.50411675 50.161018269 34.7513209842
0.04702 36.3491 0.164 331.110839563 65.5012954173 36.5964384071
0.03908 36.1442 0.1464 7.49484168315 48.2356036588 36.182253234
0.05021 36.7704 0.1719 149.700087195 17.2100695164 36.7439759134
0.01693 34.4831 0.1479 144.619956355 -63.2199321267 34.3299920966
0.00509 32.3174 0.1396 225.340193171 59.6599587275 31.7006919741
0.02431 35.0568 0.1427 291.680068008 63.0299136027 35.1276800752
0.02956 35.4726 0.149 64.3800245962 39.6700618311 35.5607692061
0.01611 34.157 0.1442 187.371124291 85.1400222397 34.2208382696
0.02193 34.7731 0.1475 169.649986608 -48.9799561449 34.9000772856
0.0059 32.3431 0.1409 192.170171688 50.8300078431 32.0227152254
0.00767 32.6043 0.1416 230.02012958 39.6499547603 32.5953809628
0.1242 39.142 0.1979 43.1499551446 56.9300430401 38.8204136122
0.03481 35.8571 0.1409 116.990055905 -51.2999177642 35.9241940785
0.01673 34.0583 0.1426 157.330088663 17.9700535389 34.3038586877
0.02752 35.6725 0.1443 99.5900433683 65.0000809022 35.4021972861
0.00867 32.6849 0.1705 253.600090781 22.549924125 32.8631623153
